2.61133e-05 1.57060e+04  4.08512e+03 4.08512e+03 
5.22267e-05 1.70090e+04  1.40152e+04 1.51368e+04 
7.83400e-05 2.11915e+04  2.57976e+04 3.09766e+04 
1.04454e-04 2.88132e+04  3.69131e+04 4.97266e+04 
1.30569e-04 3.83848e+04  4.74353e+04 6.99453e+04 
1.56688e-04 4.69852e+04  5.95763e+04 9.08193e+04 
1.82810e-04 5.19650e+04  7.57404e+04 1.12006e+05 
2.08936e-04 5.24766e+04  9.66808e+04 1.33395e+05 
2.35067e-04 4.97501e+04  1.21147e+05 1.55033e+05 
2.61201e-04 4.60101e+04  1.47167e+05 1.77271e+05 
2.87335e-04 4.29269e+04  1.73844e+05 2.00924e+05 
3.13471e-04 4.07567e+04  2.02196e+05 2.27227e+05 
3.39609e-04 3.87023e+04  2.34408e+05 2.57476e+05 
3.65751e-04 3.60516e+04  2.72122e+05 2.92531e+05 
3.91896e-04 3.30946e+04  3.15119e+05 3.32470e+05 
4.18047e-04 3.10638e+04  3.61400e+05 3.76598e+05 
4.44198e-04 3.11581e+04  4.08571e+05 4.23808e+05 
4.70351e-04 3.34505e+04  4.55494e+05 4.73071e+05 
4.96507e-04 3.65624e+04  5.02968e+05 5.23767e+05 
5.22666e-04 3.83928e+04  5.53004e+05 5.75729e+05 
5.48829e-04 3.73933e+04  6.07339e+05 6.29085e+05 
5.74995e-04 3.34903e+04  6.66301e+05 6.84090e+05 
6.01163e-04 2.80392e+04  7.28821e+05 7.41089e+05 
6.27331e-04 2.29202e+04  7.93488e+05 8.00610e+05 
6.53501e-04 1.94775e+04  8.59720e+05 8.63438e+05 
6.79673e-04 1.80324e+04  9.28164e+05 9.30506e+05 
7.05849e-04 1.81976e+04  1.00006e+06 1.00260e+06 
7.32029e-04 1.95981e+04  1.07612e+06 1.08005e+06 
7.58214e-04 2.23378e+04  1.15590e+06 1.16250e+06 
7.84402e-04 2.68246e+04  1.23802e+06 1.24904e+06 
8.10592e-04 3.31235e+04  1.32118e+06 1.33848e+06 
8.36782e-04 4.04120e+04  1.40512e+06 1.42978e+06 
8.62975e-04 4.70365e+04  1.49083e+06 1.52218e+06 
8.89169e-04 5.12079e+04  1.57977e+06 1.61535e+06 
9.15368e-04 5.18847e+04  1.67295e+06 1.70920e+06 
9.41570e-04 4.92500e+04  1.77029e+06 1.80386e+06 
9.67776e-04 4.44906e+04  1.87085e+06 1.89961e+06 
9.93983e-04 3.90779e+04  1.97365e+06 1.99698e+06 
1.02019e-03 3.40750e+04  2.07837e+06 2.09673e+06 
1.04641e-03 2.99015e+04  2.18548e+06 2.19971e+06 
1.07262e-03 2.65992e+04  2.29570e+06 2.30664e+06 
1.09884e-03 2.42653e+04  2.40929e+06 2.41788e+06 
1.12507e-03 2.32361e+04  2.52583e+06 2.53335e+06 
1.15129e-03 2.38580e+04  2.64448e+06 2.65259e+06 
1.17752e-03 2.60527e+04  2.76470e+06 2.77501e+06 
1.20375e-03 2.90713e+04  2.88671e+06 2.90009e+06 
1.22998e-03 3.16985e+04  3.01141e+06 3.02748e+06 
1.25622e-03 3.28245e+04  3.13980e+06 3.15702e+06 
1.28245e-03 3.20189e+04  3.27227e+06 3.28866e+06 
1.30870e-03 2.97309e+04  3.40842e+06 3.42248e+06 
1.33494e-03 2.69997e+04  3.54735e+06 3.55864e+06 
1.36119e-03 2.48947e+04  3.68831e+06 3.69749e+06 
1.38743e-03 2.40586e+04  3.83113e+06 3.83949e+06 
1.41369e-03 2.46021e+04  3.97619e+06 3.98513e+06 
1.43994e-03 2.63214e+04  4.12401e+06 4.13468e+06 
1.46620e-03 2.89832e+04  4.27482e+06 4.28813e+06 
1.49246e-03 3.24245e+04  4.42839e+06 4.44513e+06 
1.51873e-03 3.64117e+04  4.58437e+06 4.60509e+06 
1.54499e-03 4.04306e+04  4.74262e+06 4.76738e+06 
1.57126e-03 4.36529e+04  4.90346e+06 4.93148e+06 
1.59753e-03 4.51837e+04  5.06749e+06 5.09706e+06 
1.62380e-03 4.44685e+04  5.23515e+06 5.26400e+06 
1.65008e-03 4.15962e+04  5.40636e+06 5.43231e+06 
1.67636e-03 3.72909e+04  5.58058e+06 5.60218e+06 
1.70264e-03 3.25914e+04  5.75705e+06 5.77394e+06 
1.72893e-03 2.84203e+04  5.93535e+06 5.94807e+06 
1.75522e-03 2.53016e+04  6.11554e+06 6.12517e+06 
1.78151e-03 2.33500e+04  6.29813e+06 6.30584e+06 
1.80780e-03 2.24619e+04  6.48365e+06 6.49049e+06 
1.83410e-03 2.25147e+04  6.67237e+06 6.67926e+06 
1.86040e-03 2.34219e+04  6.86423e+06 6.87200e+06 
1.88670e-03 2.50384e+04  7.05897e+06 7.06836e+06 
1.91301e-03 2.70460e+04  7.25647e+06 7.26787e+06 
1.93932e-03 2.89650e+04  7.45677e+06 7.47009e+06 
1.96563e-03 3.03264e+04  7.66002e+06 7.67471e+06 
1.99194e-03 3.09005e+04  7.86624e+06 7.88150e+06 
2.01826e-03 3.08175e+04  8.07522e+06 8.09037e+06 
2.04458e-03 3.04857e+04  8.28656e+06 8.30137e+06 
2.07090e-03 3.03576e+04  8.50000e+06 8.51468e+06 
2.09723e-03 3.06969e+04  8.71557e+06 8.73061e+06 
2.12355e-03 3.14911e+04  8.93365e+06 8.94951e+06 
2.14988e-03 3.25404e+04  9.15472e+06 9.17165e+06 
2.17622e-03 3.36323e+04  9.37913e+06 9.39715e+06 
2.20255e-03 3.46593e+04  9.60686e+06 9.62589e+06 
2.22889e-03 3.56040e+04  9.83761e+06 9.85757e+06 
2.25523e-03 3.64252e+04  1.00710e+07 1.00918e+07 
2.28158e-03 3.69603e+04  1.03069e+07 1.03282e+07 
2.30792e-03 3.69391e+04  1.05453e+07 1.05666e+07 
2.33427e-03 3.61126e+04  1.07862e+07 1.08067e+07 
2.36062e-03 3.44104e+04  1.10299e+07 1.10486e+07 
2.38698e-03 3.20140e+04  1.12762e+07 1.12926e+07 
2.41334e-03 2.92984e+04  1.15252e+07 1.15388e+07 
2.43970e-03 2.66837e+04  1.17767e+07 1.17878e+07 
2.46607e-03 2.44998e+04  1.20310e+07 1.20398e+07 
2.49243e-03 2.29398e+04  1.22881e+07 1.22955e+07 
2.51880e-03 2.21027e+04  1.25484e+07 1.25549e+07 
2.54517e-03 2.20606e+04  1.28118e+07 1.28182e+07 
2.57155e-03 2.28725e+04  1.30781e+07 1.30854e+07 
2.59792e-03 2.45268e+04  1.33471e+07 1.33560e+07 
2.62430e-03 2.68609e+04  1.36186e+07 1.36298e+07 
2.65069e-03 2.95342e+04  1.38923e+07 1.39062e+07 
2.67708e-03 3.20999e+04  1.41686e+07 1.41851e+07 
2.70347e-03 3.41462e+04  1.44475e+07 1.44661e+07 
2.72986e-03 3.54296e+04  1.47293e+07 1.47491e+07 
2.75625e-03 3.59254e+04  1.50139e+07 1.50342e+07 
2.78265e-03 3.57766e+04  1.53012e+07 1.53214e+07 
2.80905e-03 3.51902e+04  1.55913e+07 1.56109e+07 
2.83545e-03 3.43496e+04  1.58843e+07 1.59030e+07 
2.86186e-03 3.33887e+04  1.61801e+07 1.61979e+07 
2.88826e-03 3.24174e+04  1.64789e+07 1.64957e+07 
2.91468e-03 3.15488e+04  1.67806e+07 1.67966e+07 
2.94109e-03 3.08888e+04  1.70850e+07 1.71003e+07 
2.96750e-03 3.04851e+04  1.73919e+07 1.74068e+07 
2.99392e-03 3.02784e+04  1.77012e+07 1.77159e+07 
3.02034e-03 3.01027e+04  1.80130e+07 1.80275e+07 
3.04677e-03 2.97500e+04  1.83274e+07 1.83415e+07 
3.07319e-03 2.90700e+04  1.86446e+07 1.86581e+07 
3.09962e-03 2.80472e+04  1.89648e+07 1.89772e+07 
3.12605e-03 2.68156e+04  1.92879e+07 1.92991e+07 
3.15249e-03 2.56085e+04  1.96141e+07 1.96240e+07 
3.17893e-03 2.46794e+04  1.99430e+07 1.99521e+07 
3.20537e-03 2.42400e+04  2.02749e+07 2.02835e+07 
3.23181e-03 2.44315e+04  2.06095e+07 2.06183e+07 
3.25826e-03 2.53214e+04  2.09468e+07 2.09564e+07 
3.28470e-03 2.68963e+04  2.12866e+07 2.12979e+07 
3.31116e-03 2.90404e+04  2.16289e+07 2.16423e+07 
3.33761e-03 3.15117e+04  2.19737e+07 2.19895e+07 
3.36407e-03 3.39510e+04  2.23209e+07 2.23392e+07 
3.39053e-03 3.59430e+04  2.26708e+07 2.26912e+07 
3.41699e-03 3.71204e+04  2.30237e+07 2.30452e+07 
3.44345e-03 3.72711e+04  2.33796e+07 2.34012e+07 
3.46992e-03 3.63991e+04  2.37386e+07 2.37594e+07 
3.49640e-03 3.47149e+04  2.41006e+07 2.41197e+07 
3.52287e-03 3.25630e+04  2.44654e+07 2.44824e+07 
3.54935e-03 3.03249e+04  2.48329e+07 2.48476e+07 
3.57583e-03 2.83367e+04  2.52030e+07 2.52157e+07 
3.60231e-03 2.68393e+04  2.55756e+07 2.55868e+07 
3.62879e-03 2.59605e+04  2.59507e+07 2.59611e+07 
3.65528e-03 2.57118e+04  2.63284e+07 2.63385e+07 
3.68177e-03 2.59951e+04  2.67087e+07 2.67191e+07 
3.70826e-03 2.66232e+04  2.70918e+07 2.71028e+07 
3.73476e-03 2.73617e+04  2.74778e+07 2.74896e+07 
3.76126e-03 2.79937e+04  2.78668e+07 2.78792e+07 
3.78776e-03 2.83861e+04  2.82589e+07 2.82717e+07 
3.81426e-03 2.85297e+04  2.86539e+07 2.86669e+07 
3.84077e-03 2.85320e+04  2.90518e+07 2.90647e+07 
3.86728e-03 2.85644e+04  2.94523e+07 2.94652e+07 
3.89379e-03 2.87869e+04  2.98553e+07 2.98684e+07 
3.92031e-03 2.92871e+04  3.02607e+07 3.02744e+07 
3.94682e-03 3.00544e+04  3.06687e+07 3.06831e+07 
3.97334e-03 3.09933e+04  3.10793e+07 3.10947e+07 
3.99986e-03 3.19597e+04  3.14926e+07 3.15090e+07 
4.02639e-03 3.27977e+04  3.19089e+07 3.19261e+07 
4.05292e-03 3.33664e+04  3.23280e+07 3.23458e+07 
4.07945e-03 3.35562e+04  3.27501e+07 3.27681e+07 
4.10599e-03 3.33029e+04  3.31750e+07 3.31927e+07 
4.13253e-03 3.26010e+04  3.36028e+07 3.36198e+07 
4.15907e-03 3.15136e+04  3.40333e+07 3.40492e+07 
4.18561e-03 3.01690e+04  3.44665e+07 3.44811e+07 
4.21215e-03 2.87393e+04  3.49024e+07 3.49155e+07 
4.23870e-03 2.74055e+04  3.53409e+07 3.53527e+07 
4.26525e-03 2.63239e+04  3.57820e+07 3.57928e+07 
4.29181e-03 2.56053e+04  3.62259e+07 3.62359e+07 
4.31836e-03 2.53109e+04  3.66726e+07 3.66823e+07 
4.34492e-03 2.54576e+04  3.71221e+07 3.71320e+07 
4.37149e-03 2.60232e+04  3.75745e+07 3.75849e+07 
4.39805e-03 2.69446e+04  3.80297e+07 3.80410e+07 
4.42462e-03 2.81136e+04  3.84875e+07 3.85001e+07 
4.45119e-03 2.93808e+04  3.89482e+07 3.89619e+07 
4.47776e-03 3.05756e+04  3.94116e+07 3.94265e+07 
4.50434e-03 3.15404e+04  3.98777e+07 3.98936e+07 
4.53092e-03 3.21668e+04  4.03466e+07 4.03632e+07 
4.55750e-03 3.24190e+04  4.08183e+07 4.08351e+07 
4.58409e-03 3.23338e+04  4.12928e+07 4.13095e+07 
4.61067e-03 3.19994e+04  4.17699e+07 4.17863e+07 
4.63726e-03 3.15236e+04  4.22497e+07 4.22656e+07 
4.66386e-03 3.10048e+04  4.27322e+07 4.27476e+07 
4.69045e-03 3.05127e+04  4.32175e+07 4.32324e+07 
4.71705e-03 3.00816e+04  4.37055e+07 4.37199e+07 
4.74365e-03 2.97122e+04  4.41962e+07 4.42103e+07 
4.77026e-03 2.93793e+04  4.46898e+07 4.47036e+07 
4.79686e-03 2.90441e+04  4.51863e+07 4.51997e+07 
4.82347e-03 2.86708e+04  4.56855e+07 4.56986e+07 
4.85009e-03 2.82449e+04  4.61877e+07 4.62003e+07 
4.87670e-03 2.77870e+04  4.66926e+07 4.67047e+07 
4.90332e-03 2.73546e+04  4.72002e+07 4.72120e+07 
4.92994e-03 2.70289e+04  4.77105e+07 4.77220e+07 
4.95657e-03 2.68904e+04  4.82235e+07 4.82348e+07 
4.98320e-03 2.69926e+04  4.87392e+07 4.87506e+07 
5.00983e-03 2.73460e+04  4.92575e+07 4.92693e+07 
5.03646e-03 2.79170e+04  4.97786e+07 4.97909e+07 
5.06310e-03 2.86407e+04  5.03025e+07 5.03156e+07 
5.08973e-03 2.94394e+04  5.08293e+07 5.08432e+07 
5.11637e-03 3.02373e+04  5.13590e+07 5.13736e+07 
5.14302e-03 3.09677e+04  5.18915e+07 5.19069e+07 
5.16967e-03 3.15731e+04  5.24268e+07 5.24427e+07 
5.19631e-03 3.20040e+04  5.29648e+07 5.29811e+07 
5.22297e-03 3.22198e+04  5.35054e+07 5.35220e+07 
5.24962e-03 3.21943e+04  5.40488e+07 5.40654e+07 
5.27628e-03 3.19217e+04  5.45948e+07 5.46112e+07 
5.30294e-03 3.14217e+04  5.51436e+07 5.51594e+07 
5.32960e-03 3.07406e+04  5.56952e+07 5.57103e+07 
5.35627e-03 2.99479e+04  5.62495e+07 5.62639e+07 
5.38294e-03 2.91288e+04  5.68067e+07 5.68202e+07 
5.40961e-03 2.83742e+04  5.73667e+07 5.73794e+07 
5.43628e-03 2.77667e+04  5.79294e+07 5.79416e+07 
5.46296e-03 2.73654e+04  5.84950e+07 5.85067e+07 
5.48964e-03 2.71921e+04  5.90632e+07 5.90748e+07 
5.51632e-03 2.72256e+04  5.96342e+07 5.96458e+07 
5.54300e-03 2.74070e+04  6.02079e+07 6.02197e+07 
5.56969e-03 2.76581e+04  6.07844e+07 6.07965e+07 
5.59638e-03 2.79077e+04  6.13637e+07 6.13760e+07 
5.62308e-03 2.81149e+04  6.19459e+07 6.19584e+07 
5.64977e-03 2.82817e+04  6.25309e+07 6.25435e+07 
5.67647e-03 2.84495e+04  6.31186e+07 6.31314e+07 
5.70317e-03 2.86798e+04  6.37091e+07 6.37221e+07 
5.72988e-03 2.90279e+04  6.43022e+07 6.43156e+07 
5.75658e-03 2.95184e+04  6.48980e+07 6.49119e+07 
5.78329e-03 3.01306e+04  6.54965e+07 6.55111e+07 
5.81000e-03 3.07988e+04  6.60978e+07 6.61130e+07 
5.83672e-03 3.14261e+04  6.67018e+07 6.67177e+07 
5.86344e-03 3.19066e+04  6.73088e+07 6.73251e+07 
5.89016e-03 3.21514e+04  6.79186e+07 6.79352e+07 
5.91689e-03 3.21107e+04  6.85314e+07 6.85479e+07 
5.94361e-03 3.17858e+04  6.91469e+07 6.91631e+07 
5.97034e-03 3.12280e+04  6.97653e+07 6.97809e+07 
5.99707e-03 3.05243e+04  7.03863e+07 7.04012e+07 
6.02381e-03 2.97733e+04  7.10099e+07 7.10241e+07 
6.05054e-03 2.90605e+04  7.16362e+07 7.16496e+07 
6.07728e-03 2.84399e+04  7.22650e+07 7.22778e+07 
6.10402e-03 2.79291e+04  7.28966e+07 7.29089e+07 
6.13077e-03 2.75177e+04  7.35309e+07 7.35428e+07 
6.15752e-03 2.71859e+04  7.41682e+07 7.41798e+07 
6.18427e-03 2.69237e+04  7.48085e+07 7.48198e+07 
6.21103e-03 2.67426e+04  7.54517e+07 7.54628e+07 
6.23778e-03 2.66761e+04  7.60978e+07 7.61089e+07 
6.26454e-03 2.67685e+04  7.67467e+07 7.67579e+07 
6.29131e-03 2.70573e+04  7.73983e+07 7.74098e+07 
6.31807e-03 2.75566e+04  7.80525e+07 7.80645e+07 
6.34484e-03 2.82460e+04  7.87094e+07 7.87220e+07 
6.37161e-03 2.90695e+04  7.93688e+07 7.93823e+07 
6.39838e-03 2.99447e+04  8.00310e+07 8.00453e+07 
6.42515e-03 3.07786e+04  8.06959e+07 8.07110e+07 
6.45193e-03 3.14857e+04  8.13636e+07 8.13795e+07 
6.47872e-03 3.20033e+04  8.20343e+07 8.20507e+07 
6.50550e-03 3.23004e+04  8.27080e+07 8.27247e+07 
6.53229e-03 3.23762e+04  8.33845e+07 8.34012e+07 
6.55908e-03 3.22519e+04  8.40638e+07 8.40804e+07 
6.58588e-03 3.19576e+04  8.47459e+07 8.47622e+07 
6.61267e-03 3.15213e+04  8.54306e+07 8.54465e+07 
6.63947e-03 3.09633e+04  8.61181e+07 8.61335e+07 
6.66627e-03 3.02987e+04  8.68083e+07 8.68229e+07 
6.69308e-03 2.95448e+04  8.75011e+07 8.75151e+07 
6.71988e-03 2.87310e+04  8.81967e+07 8.82099e+07 
6.74669e-03 2.79040e+04  8.88951e+07 8.89074e+07 
6.77351e-03 2.71265e+04  8.95963e+07 8.96078e+07 
6.80032e-03 2.64699e+04  9.03003e+07 9.03112e+07 
6.82714e-03 2.60019e+04  9.10072e+07 9.10176e+07 
6.85396e-03 2.57742e+04  9.17168e+07 9.17270e+07 
6.88079e-03 2.58144e+04  9.24293e+07 9.24395e+07 
6.90762e-03 2.61230e+04  9.31447e+07 9.31552e+07 
6.93445e-03 2.66759e+04  9.38628e+07 9.38739e+07 
6.96128e-03 2.74303e+04  9.45837e+07 9.45956e+07 
6.98812e-03 2.83308e+04  9.53074e+07 9.53201e+07 
7.01495e-03 2.93150e+04  9.60339e+07 9.60476e+07 
7.04179e-03 3.03157e+04  9.67630e+07 9.67777e+07 
7.06864e-03 3.12628e+04  9.74948e+07 9.75105e+07 
7.09549e-03 3.20829e+04  9.82294e+07 9.82458e+07 
7.12234e-03 3.27032e+04  9.89666e+07 9.89837e+07 
7.14919e-03 3.30574e+04  9.97067e+07 9.97242e+07 
7.17605e-03 3.30963e+04  1.00450e+08 1.00467e+08 
7.20290e-03 3.27997e+04  1.01195e+08 1.01213e+08 
7.22977e-03 3.21860e+04  1.01944e+08 1.01961e+08 
7.25663e-03 3.13163e+04  1.02696e+08 1.02711e+08 
7.28350e-03 3.02870e+04  1.03450e+08 1.03465e+08 
7.31037e-03 2.92154e+04  1.04207e+08 1.04221e+08 
7.33724e-03 2.82173e+04  1.04967e+08 1.04980e+08 
7.36412e-03 2.73857e+04  1.05730e+08 1.05742e+08 
7.39100e-03 2.67760e+04  1.06495e+08 1.06506e+08 
7.41788e-03 2.64016e+04  1.07263e+08 1.07274e+08 
7.44476e-03 2.62414e+04  1.08034e+08 1.08044e+08 
7.47165e-03 2.62564e+04  1.08807e+08 1.08818e+08 
7.49854e-03 2.64077e+04  1.09583e+08 1.09594e+08 
7.52543e-03 2.66721e+04  1.10363e+08 1.10374e+08 
7.55233e-03 2.70470e+04  1.11145e+08 1.11157e+08 
7.57923e-03 2.75455e+04  1.11930e+08 1.11942e+08 
7.60613e-03 2.81817e+04  1.12718e+08 1.12731e+08 
7.63303e-03 2.89531e+04  1.13509e+08 1.13522e+08 
7.65994e-03 2.98258e+04  1.14302e+08 1.14316e+08 
7.68685e-03 3.07295e+04  1.15098e+08 1.15113e+08 
7.71376e-03 3.15645e+04  1.15896e+08 1.15912e+08 
7.74067e-03 3.22196e+04  1.16698e+08 1.16714e+08 
7.76759e-03 3.25970e+04  1.17502e+08 1.17519e+08 
7.79451e-03 3.26354e+04  1.18309e+08 1.18326e+08 
7.82143e-03 3.23250e+04  1.19119e+08 1.19135e+08 
7.84836e-03 3.17105e+04  1.19931e+08 1.19948e+08 
7.87529e-03 3.08795e+04  1.20747e+08 1.20762e+08 
7.90222e-03 2.99429e+04  1.21566e+08 1.21580e+08 
7.92915e-03 2.90115e+04  1.22387e+08 1.22400e+08 
7.95609e-03 2.81772e+04  1.23211e+08 1.23223e+08 
7.98303e-03 2.75024e+04  1.24037e+08 1.24049e+08 
8.00997e-03 2.70188e+04  1.24867e+08 1.24878e+08 
8.03692e-03 2.67347e+04  1.25699e+08 1.25710e+08 
8.06387e-03 2.66442e+04  1.26534e+08 1.26545e+08 
8.09082e-03 2.67354e+04  1.27372e+08 1.27383e+08 
8.11777e-03 2.69936e+04  1.28212e+08 1.28224e+08 
8.14473e-03 2.73996e+04  1.29056e+08 1.29068e+08 
8.17169e-03 2.79248e+04  1.29902e+08 1.29914e+08 
8.19865e-03 2.85266e+04  1.30751e+08 1.30764e+08 
8.22561e-03 2.91488e+04  1.31603e+08 1.31616e+08 
8.25258e-03 2.97274e+04  1.32457e+08 1.32471e+08 
8.27955e-03 3.02024e+04  1.33314e+08 1.33329e+08 
8.30652e-03 3.05304e+04  1.34175e+08 1.34190e+08 
8.33350e-03 3.06954e+04  1.35038e+08 1.35053e+08 
8.36048e-03 3.07114e+04  1.35904e+08 1.35919e+08 
8.38746e-03 3.06160e+04  1.36772e+08 1.36787e+08 
8.41445e-03 3.04568e+04  1.37644e+08 1.37659e+08 
8.44143e-03 3.02750e+04  1.38518e+08 1.38532e+08 
8.46842e-03 3.00915e+04  1.39395e+08 1.39409e+08 
8.49541e-03 2.99027e+04  1.40274e+08 1.40288e+08 
8.52241e-03 2.96854e+04  1.41156e+08 1.41170e+08 
8.54941e-03 2.94115e+04  1.42041e+08 1.42055e+08 
8.57641e-03 2.90657e+04  1.42930e+08 1.42943e+08 
8.60341e-03 2.86604e+04  1.43821e+08 1.43834e+08 
8.63042e-03 2.82401e+04  1.44715e+08 1.44727e+08 
8.65743e-03 2.78749e+04  1.45612e+08 1.45624e+08 
8.68445e-03 2.76419e+04  1.46511e+08 1.46523e+08 
8.71146e-03 2.76021e+04  1.47413e+08 1.47425e+08 
8.73848e-03 2.77792e+04  1.48318e+08 1.48330e+08 
8.76550e-03 2.81488e+04  1.49226e+08 1.49238e+08 
8.79252e-03 2.86401e+04  1.50136e+08 1.50149e+08 
8.81955e-03 2.91534e+04  1.51049e+08 1.51063e+08 
8.84657e-03 2.95847e+04  1.51965e+08 1.51979e+08 
8.87361e-03 2.98536e+04  1.52884e+08 1.52898e+08 
8.90064e-03 2.99226e+04  1.53805e+08 1.53820e+08 
8.92768e-03 2.98054e+04  1.54730e+08 1.54744e+08 
8.95473e-03 2.95585e+04  1.55658e+08 1.55672e+08 
8.98177e-03 2.92630e+04  1.56588e+08 1.56602e+08 
9.00882e-03 2.90003e+04  1.57521e+08 1.57535e+08 
9.03587e-03 2.88307e+04  1.58457e+08 1.58470e+08 
9.06292e-03 2.87806e+04  1.59395e+08 1.59408e+08 
9.08997e-03 2.88418e+04  1.60336e+08 1.60350e+08 
9.11703e-03 2.89801e+04  1.61280e+08 1.61294e+08 
9.14409e-03 2.91505e+04  1.62227e+08 1.62241e+08 
9.17115e-03 2.93119e+04  1.63177e+08 1.63190e+08 
9.19822e-03 2.94377e+04  1.64129e+08 1.64143e+08 
9.22529e-03 2.95178e+04  1.65085e+08 1.65099e+08 
9.25236e-03 2.95551e+04  1.66043e+08 1.66057e+08 
9.27943e-03 2.95571e+04  1.67004e+08 1.67018e+08 
9.30651e-03 2.95295e+04  1.67968e+08 1.67982e+08 
9.33359e-03 2.94726e+04  1.68935e+08 1.68948e+08 
9.36068e-03 2.93826e+04  1.69904e+08 1.69918e+08 
9.38776e-03 2.92568e+04  1.70876e+08 1.70890e+08 
9.41485e-03 2.90995e+04  1.71851e+08 1.71865e+08 
9.44194e-03 2.89248e+04  1.72829e+08 1.72842e+08 
9.46904e-03 2.87548e+04  1.73810e+08 1.73823e+08 
9.49613e-03 2.86134e+04  1.74793e+08 1.74806e+08 
9.52323e-03 2.85177e+04  1.75779e+08 1.75792e+08 
9.55034e-03 2.84713e+04  1.76768e+08 1.76781e+08 
9.57744e-03 2.84629e+04  1.77760e+08 1.77772e+08 
9.60455e-03 2.84716e+04  1.78754e+08 1.78767e+08 
9.63167e-03 2.84766e+04  1.79752e+08 1.79764e+08 
9.65878e-03 2.84692e+04  1.80752e+08 1.80765e+08 
9.68590e-03 2.84602e+04  1.81755e+08 1.81768e+08 
9.71302e-03 2.84801e+04  1.82761e+08 1.82774e+08 
9.74014e-03 2.85701e+04  1.83770e+08 1.83783e+08 
9.76727e-03 2.87666e+04  1.84782e+08 1.84795e+08 
9.79440e-03 2.90841e+04  1.85796e+08 1.85809e+08 
9.82153e-03 2.95020e+04  1.86813e+08 1.86827e+08 
9.84866e-03 2.99633e+04  1.87833e+08 1.87847e+08 
9.87580e-03 3.03836e+04  1.88855e+08 1.88870e+08 
9.90294e-03 3.06722e+04  1.89880e+08 1.89896e+08 
9.93008e-03 3.07566e+04  1.90909e+08 1.90924e+08 
9.95723e-03 3.06045e+04  1.91940e+08 1.91955e+08 
9.98438e-03 3.02342e+04  1.92974e+08 1.92989e+08 
