1.06729e-04 2.55090e+05  4.93146e+04 4.93146e+04 
2.13458e-04 2.69755e+05  1.66592e+05 1.80245e+05 
3.20180e-04 3.04985e+05  3.21439e+05 3.70360e+05 
4.26889e-04 3.52667e+05  5.12002e+05 6.09584e+05 
5.33575e-04 3.92852e+05  7.51443e+05 8.90292e+05 
6.40234e-04 4.07094e+05  1.05524e+06 1.20873e+06 
7.46860e-04 3.90482e+05  1.42899e+06 1.56544e+06 
8.53456e-04 3.53414e+05  1.86609e+06 1.96478e+06 
9.60024e-04 3.13201e+05  2.35539e+06 2.41352e+06 
1.06657e-03 2.83065e+05  2.89095e+06 2.91924e+06 
1.17310e-03 2.66656e+05  3.47597e+06 3.48849e+06 
1.27962e-03 2.60508e+05  4.11867e+06 4.12551e+06 
1.38613e-03 2.60441e+05  4.82466e+06 4.83143e+06 
1.49263e-03 2.65805e+05  5.59249e+06 5.60428e+06 
1.59913e-03 2.78544e+05  6.41542e+06 6.43961e+06 
1.70561e-03 2.98975e+05  7.28705e+06 7.33164e+06 
1.81209e-03 3.22767e+05  8.20596e+06 8.27462e+06 
1.91854e-03 3.42033e+05  9.17576e+06 9.26404e+06 
2.02497e-03 3.49677e+05  1.02014e+07 1.02975e+07 
2.13137e-03 3.43517e+05  1.12851e+07 1.13749e+07 
2.23776e-03 3.27158e+05  1.24253e+07 1.24985e+07 
2.34411e-03 3.07365e+05  1.36186e+07 1.36720e+07 
2.45045e-03 2.90209e+05  1.48631e+07 1.48993e+07 
2.55677e-03 2.78740e+05  1.61594e+07 1.61843e+07 
2.66308e-03 2.73206e+05  1.75098e+07 1.75294e+07 
2.76937e-03 2.72793e+05  1.89160e+07 1.89352e+07 
2.87566e-03 2.76991e+05  2.03775e+07 2.04007e+07 
2.98193e-03 2.85521e+05  2.18919e+07 2.19236e+07 
3.08819e-03 2.97302e+05  2.34570e+07 2.35004e+07 
3.19444e-03 3.09760e+05  2.50720e+07 2.51280e+07 
3.30066e-03 3.19391e+05  2.67380e+07 2.68037e+07 
3.40687e-03 3.23296e+05  2.84564e+07 2.85261e+07 
3.51306e-03 3.20607e+05  3.02279e+07 3.02949e+07 
3.61922e-03 3.12780e+05  3.20523e+07 3.21113e+07 
3.72537e-03 3.02687e+05  3.39284e+07 3.39773e+07 
3.83149e-03 2.93206e+05  3.58556e+07 3.58950e+07 
3.93760e-03 2.86238e+05  3.78340e+07 3.78665e+07 
4.04370e-03 2.82554e+05  3.98642e+07 3.98932e+07 
4.14978e-03 2.82203e+05  4.19466e+07 4.19752e+07 
4.25585e-03 2.84906e+05  4.40809e+07 4.41121e+07 
4.36190e-03 2.90107e+05  4.62660e+07 4.63025e+07 
4.46794e-03 2.96786e+05  4.85013e+07 4.85444e+07 
4.57396e-03 3.03422e+05  5.07862e+07 5.08360e+07 
4.67997e-03 3.08321e+05  5.31210e+07 5.31757e+07 
4.78596e-03 3.10229e+05  5.55061e+07 5.55627e+07 
4.89193e-03 3.08823e+05  5.79417e+07 5.79969e+07 
4.99788e-03 3.04789e+05  6.04277e+07 6.04788e+07 
5.10381e-03 2.99463e+05  6.29636e+07 6.30094e+07 
5.20973e-03 2.94268e+05  6.55493e+07 6.55899e+07 
5.31562e-03 2.90296e+05  6.81847e+07 6.82214e+07 
5.42151e-03 2.88146e+05  7.08700e+07 7.09045e+07 
5.52737e-03 2.87983e+05  7.36050e+07 7.36394e+07 
5.63323e-03 2.89648e+05  7.63896e+07 7.64256e+07 
5.73907e-03 2.92696e+05  7.92233e+07 7.92623e+07 
5.84489e-03 2.96423e+05  8.21056e+07 8.21484e+07 
5.95070e-03 2.99951e+05  8.50365e+07 8.50828e+07 
6.05649e-03 3.02430e+05  8.80158e+07 8.80646e+07 
6.16226e-03 3.03292e+05  9.10437e+07 9.10933e+07 
6.26801e-03 3.02436e+05  9.41200e+07 9.41688e+07 
6.37375e-03 3.00226e+05  9.72448e+07 9.72914e+07 
6.47947e-03 2.97334e+05  1.00418e+08 1.00462e+08 
6.58517e-03 2.94495e+05  1.03639e+08 1.03680e+08 
6.69086e-03 2.92313e+05  1.06908e+08 1.06947e+08 
6.79653e-03 2.91155e+05  1.10225e+08 1.10263e+08 
6.90219e-03 2.91140e+05  1.13590e+08 1.13628e+08 
7.00783e-03 2.92158e+05  1.17003e+08 1.17042e+08 
7.11345e-03 2.93910e+05  1.20463e+08 1.20503e+08 
7.21906e-03 2.95958e+05  1.23970e+08 1.24013e+08 
7.32466e-03 2.97807e+05  1.27525e+08 1.27569e+08 
7.43023e-03 2.99026e+05  1.31126e+08 1.31171e+08 
7.53579e-03 2.99356e+05  1.34774e+08 1.34819e+08 
7.64134e-03 2.98782e+05  1.38469e+08 1.38514e+08 
7.74686e-03 2.97514e+05  1.42210e+08 1.42254e+08 
7.85237e-03 2.95909e+05  1.45998e+08 1.46040e+08 
7.95787e-03 2.94359e+05  1.49833e+08 1.49873e+08 
8.06334e-03 2.93191e+05  1.53714e+08 1.53753e+08 
8.16880e-03 2.92606e+05  1.57641e+08 1.57680e+08 
8.27425e-03 2.92664e+05  1.61614e+08 1.61653e+08 
8.37968e-03 2.93285e+05  1.65633e+08 1.65673e+08 
8.48509e-03 2.94276e+05  1.69698e+08 1.69739e+08 
8.59049e-03 2.95379e+05  1.73809e+08 1.73851e+08 
8.69588e-03 2.96322e+05  1.77965e+08 1.78008e+08 
8.80124e-03 2.96887e+05  1.82167e+08 1.82210e+08 
8.90659e-03 2.96960e+05  1.86414e+08 1.86457e+08 
9.01193e-03 2.96556e+05  1.90706e+08 1.90749e+08 
9.11724e-03 2.95803e+05  1.95043e+08 1.95085e+08 
9.22254e-03 2.94899e+05  1.99425e+08 1.99466e+08 
9.32783e-03 2.94053e+05  2.03852e+08 2.03892e+08 
9.43310e-03 2.93440e+05  2.08324e+08 2.08363e+08 
9.53835e-03 2.93161e+05  2.12840e+08 2.12880e+08 
9.64359e-03 2.93237e+05  2.17401e+08 2.17440e+08 
9.74881e-03 2.93609e+05  2.22006e+08 2.22046e+08 
9.85401e-03 2.94158e+05  2.26656e+08 2.26696e+08 
9.95920e-03 2.94734e+05  2.31349e+08 2.31390e+08 
1.00000e-02 2.94933e+05  2.33182e+08 2.33223e+08 
