3-D EmbeddedElt
Explicit Analysis	1
Embedded Elements	1
VolumeCorrection 	0
2
hexa8
truss2
15
1 2 1 0 1
2 6 1 0 0
3 7 0 0 0
4 3 0 0 1
5 0 1 1 1
6 4 1 1 0
7 6 0 1 0
8 1 0 1 1
9 2 1 2 1
10 3 1 2 0
11 7 0 2 0
12 6 0 2 1
13 8 0.5 0.5 0.5
14 8 0.5 0.75 0.5
15 8 0.5 1.5 0.5
2
1 1 0 1 2 3 4 5 6 7 8
2 1 0 5 6 7 8 9 10 11 12
2
1 1 1 13 14
2 1 1 14 15
1
1 1 7800.0 76.92e9 115.4e9
1
1 2 7800.0 2e11 0.3 0.5 2E6 1  
0.01
0 4 0 0.0 0.0 0.0
9 2 0.5
10 2 0.5
11 2 0.5
12 2 0.5
1 20.0 1.0 25 1.e-6 0.0 0.0 1 1 3 2
