1.23266e-04 8.32171e+05  5.81967e+06 5.81967e+06 
2.46531e-04 5.95687e+06  1.29079e+07 1.91675e+07 
3.69183e-04 9.03859e+06  2.41789e+07 3.37172e+07 
4.91158e-04 8.45172e+06  3.96976e+07 4.87104e+07 
6.13225e-04 6.50055e+06  6.04810e+07 6.76919e+07 
7.35731e-04 3.90809e+06  8.91972e+07 9.26762e+07 
8.57913e-04 3.99458e+06  1.17506e+08 1.21858e+08 
9.80006e-04 2.48377e+06  1.51282e+08 1.53917e+08 
1.10161e-03 5.06207e+05  1.90734e+08 1.90942e+08 
1.22270e-03 1.19499e+06  2.35006e+08 2.35988e+08 
1.34390e-03 5.16325e+06  2.83548e+08 2.88645e+08 
1.46525e-03 1.03646e+07  3.33090e+08 3.44527e+08 
1.58639e-03 9.75731e+06  3.89543e+08 4.00132e+08 
1.70728e-03 5.18401e+06  4.51248e+08 4.56665e+08 
1.82828e-03 1.79277e+06  5.16325e+08 5.17926e+08 
1.94944e-03 1.53669e+06  5.84246e+08 5.85715e+08 
2.07053e-03 2.47543e+06  6.55974e+08 6.58928e+08 
2.19088e-03 1.80244e+06  7.34436e+08 7.36163e+08 
2.31052e-03 2.49365e+06  8.15615e+08 8.18016e+08 
2.43001e-03 5.77748e+06  8.99099e+08 9.05264e+08 
2.54974e-03 9.31711e+06  9.86277e+08 9.96505e+08 
2.66962e-03 9.14091e+06  1.07901e+09 1.08905e+09 
2.78935e-03 5.01056e+06  1.17704e+09 1.18220e+09 
2.90893e-03 1.66055e+06  1.27676e+09 1.27834e+09 
3.02848e-03 7.72158e+05  1.37956e+09 1.38029e+09 
3.14794e-03 1.39930e+06  1.48696e+09 1.48854e+09 
3.26696e-03 2.09874e+06  1.59936e+09 1.60156e+09 
3.38538e-03 3.52955e+06  1.71457e+09 1.71815e+09 
3.50345e-03 6.50709e+06  1.83114e+09 1.83822e+09 
3.62161e-03 8.87394e+06  1.95171e+09 1.96149e+09 
3.74000e-03 8.36575e+06  2.07760e+09 2.08678e+09 
3.85845e-03 4.94344e+06  2.20812e+09 2.21331e+09 
3.97677e-03 1.78755e+06  2.34054e+09 2.34225e+09 
4.09490e-03 7.37792e+05  2.47514e+09 2.47590e+09 
4.21285e-03 9.43473e+05  2.61441e+09 2.61543e+09 
4.33047e-03 1.85829e+06  2.75806e+09 2.76000e+09 
4.44762e-03 3.66552e+06  2.90430e+09 2.90810e+09 
4.56444e-03 6.52099e+06  3.05182e+09 3.05891e+09 
4.68123e-03 8.63613e+06  3.20266e+09 3.21221e+09 
4.79818e-03 8.14149e+06  3.35860e+09 3.36754e+09 
4.91525e-03 5.31279e+06  3.51875e+09 3.52442e+09 
5.03223e-03 2.28512e+06  3.68119e+09 3.68348e+09 
5.14903e-03 9.37495e+05  3.84541e+09 3.84636e+09 
5.26565e-03 9.37673e+05  4.01331e+09 4.01435e+09 
5.38200e-03 1.56397e+06  4.18554e+09 4.18721e+09 
5.49797e-03 2.94433e+06  4.36064e+09 4.36370e+09 
5.61360e-03 5.41693e+06  4.53702e+09 4.54284e+09 
5.72907e-03 7.94746e+06  4.71552e+09 4.72431e+09 
5.84460e-03 8.50110e+06  4.89838e+09 4.90776e+09 
5.96023e-03 6.52859e+06  5.08568e+09 5.09275e+09 
6.07586e-03 3.54466e+06  5.27573e+09 5.27944e+09 
6.19141e-03 1.52806e+06  5.46745e+09 5.46902e+09 
6.30684e-03 8.98693e+05  5.66192e+09 5.66289e+09 
6.42206e-03 1.08935e+06  5.86022e+09 5.86139e+09 
6.53693e-03 1.97862e+06  6.06168e+09 6.06374e+09 
6.65139e-03 3.89165e+06  6.26483e+09 6.26897e+09 
6.76558e-03 6.55274e+06  6.46937e+09 6.47654e+09 
6.87972e-03 8.41239e+06  6.67682e+09 6.68610e+09 
6.99397e-03 7.98246e+06  6.88841e+09 6.89717e+09 
7.10830e-03 5.46139e+06  7.10371e+09 7.10959e+09 
7.22263e-03 2.70375e+06  7.32123e+09 7.32405e+09 
7.33689e-03 1.19257e+06  7.54058e+09 7.54181e+09 
7.45099e-03 9.00051e+05  7.76271e+09 7.76367e+09 
7.56479e-03 1.32199e+06  7.98803e+09 7.98945e+09 
7.67821e-03 2.44727e+06  8.21581e+09 8.21841e+09 
7.79130e-03 4.47769e+06  8.44511e+09 8.44995e+09 
7.90423e-03 6.82459e+06  8.67616e+09 8.68362e+09 
8.01715e-03 8.13859e+06  8.90999e+09 8.91894e+09 
8.13011e-03 7.41895e+06  9.14734e+09 9.15548e+09 
8.24310e-03 5.07859e+06  9.38797e+09 9.39347e+09 
8.35611e-03 2.65965e+06  9.63098e+09 9.63377e+09 
8.46909e-03 1.34761e+06  9.87591e+09 9.87729e+09 
8.58194e-03 1.16248e+06  1.01231e+10 1.01243e+10 
8.69450e-03 1.55878e+06  1.03730e+10 1.03747e+10 
8.80669e-03 2.45003e+06  1.06253e+10 1.06280e+10 
8.91856e-03 4.09523e+06  1.08793e+10 1.08837e+10 
9.03021e-03 6.22387e+06  1.11346e+10 1.11414e+10 
9.14179e-03 7.73657e+06  1.13919e+10 1.14004e+10 
9.25341e-03 7.53204e+06  1.16524e+10 1.16607e+10 
9.36514e-03 5.62394e+06  1.19165e+10 1.19227e+10 
9.47698e-03 3.20306e+06  1.21835e+10 1.21869e+10 
9.58882e-03 1.60645e+06  1.24522e+10 1.24539e+10 
9.70048e-03 1.22261e+06  1.27224e+10 1.27237e+10 
9.81181e-03 1.56068e+06  1.29946e+10 1.29964e+10 
9.92278e-03 2.21664e+06  1.32694e+10 1.32719e+10 
1.00000e-02 2.95703e+06  1.34623e+10 1.34655e+10 
