1.36166e-07 1.07211e-27  -8.02368e-28 0.00000e+00 
2.72334e-07 2.39680e-27  -2.12831e-27 0.00000e+00 
4.08503e-07 4.23631e-27  -3.96782e-27 0.00000e+00 
5.44671e-07 6.59858e-27  -6.33010e-27 0.00000e+00 
6.80840e-07 9.48001e-27  -9.21170e-27 0.00000e+00 
8.17008e-07 1.28446e-26  -1.25765e-26 0.00000e+00 
9.53177e-07 1.66941e-26  -1.64260e-26 0.00000e+00 
1.08935e-06 2.10629e-26  -2.07948e-26 0.00000e+00 
1.22551e-06 2.59512e-26  -2.56830e-26 0.00000e+00 
1.36168e-06 3.13592e-26  -3.10910e-26 0.00000e+00 
1.49785e-06 3.72874e-26  -3.70192e-26 0.00000e+00 
1.63402e-06 4.37369e-26  -4.34686e-26 0.00000e+00 
1.77019e-06 5.07220e-26  -5.04537e-26 0.00000e+00 
1.90636e-06 5.82021e-26  -5.79345e-26 0.00000e+00 
2.04252e-06 6.61629e-26  -6.58943e-26 0.00000e+00 
2.17869e-06 7.46705e-26  -7.44010e-26 0.00000e+00 
2.31486e-06 8.37129e-26  -8.34442e-26 0.00000e+00 
2.45103e-06 9.32662e-26  -9.29974e-26 0.00000e+00 
2.58720e-06 1.03345e-25  -1.03076e-25 0.00000e+00 
2.72337e-06 1.13873e-25  -1.13606e-25 0.00000e+00 
2.85954e-06 1.24750e-25  -1.24480e-25 0.00000e+00 
2.99570e-06 1.36063e-25  -1.35794e-25 0.00000e+00 
3.13187e-06 1.47909e-25  -1.47639e-25 0.00000e+00 
3.26804e-06 1.60284e-25  -1.60014e-25 0.00000e+00 
3.40421e-06 1.73188e-25  -1.72919e-25 0.00000e+00 
3.54038e-06 1.86622e-25  -1.86353e-25 0.00000e+00 
3.67655e-06 2.00584e-25  -2.00315e-25 0.00000e+00 
3.81272e-06 2.15074e-25  -2.14805e-25 0.00000e+00 
3.94888e-06 2.30085e-25  -2.29817e-25 0.00000e+00 
4.08505e-06 2.45599e-25  -2.45329e-25 0.00000e+00 
4.22122e-06 2.61619e-25  -2.61350e-25 0.00000e+00 
4.35739e-06 2.78162e-25  -2.77892e-25 0.00000e+00 
4.49356e-06 2.95224e-25  -2.94955e-25 0.00000e+00 
4.62973e-06 3.12808e-25  -3.12539e-25 0.00000e+00 
4.76590e-06 3.30893e-25  -3.30625e-25 0.00000e+00 
4.90206e-06 3.49474e-25  -3.49206e-25 0.00000e+00 
5.03823e-06 3.68573e-25  -3.68304e-25 0.00000e+00 
5.17440e-06 3.88190e-25  -3.87922e-25 0.00000e+00 
5.31057e-06 4.08328e-25  -4.08059e-25 0.00000e+00 
5.44674e-06 4.28986e-25  -4.28717e-25 0.00000e+00 
5.58291e-06 4.50140e-25  -4.49873e-25 0.00000e+00 
5.71908e-06 4.71786e-25  -4.71518e-25 0.00000e+00 
5.85524e-06 4.93935e-25  -4.93667e-25 0.00000e+00 
5.99141e-06 5.16584e-25  -5.16315e-25 0.00000e+00 
6.12758e-06 5.39744e-25  -5.39472e-25 0.00000e+00 
6.26375e-06 5.63434e-25  -5.63160e-25 0.00000e+00 
6.39992e-06 5.87690e-25  -5.87415e-25 0.00000e+00 
6.53609e-06 6.12517e-25  -6.12242e-25 0.00000e+00 
6.67225e-06 6.37926e-25  -6.37650e-25 0.00000e+00 
6.80842e-06 6.63924e-25  -6.63648e-25 0.00000e+00 
6.94459e-06 6.90481e-25  -6.90209e-25 0.00000e+00 
7.08076e-06 7.17321e-25  -7.17052e-25 0.00000e+00 
7.21693e-06 7.44326e-25  -7.44043e-25 0.00000e+00 
7.35310e-06 7.71841e-25  -7.71561e-25 0.00000e+00 
7.48927e-06 7.99988e-25  -7.99709e-25 0.00000e+00 
7.62543e-06 8.28749e-25  -8.28467e-25 0.00000e+00 
7.76160e-06 8.58066e-25  -8.57794e-25 0.00000e+00 
7.89777e-06 8.87738e-25  -8.87456e-25 0.00000e+00 
8.03394e-06 9.17863e-25  -9.17585e-25 0.00000e+00 
8.17011e-06 9.48596e-25  -9.48322e-25 0.00000e+00 
8.30628e-06 9.79918e-25  -9.79642e-25 0.00000e+00 
8.44245e-06 1.01182e-24  -1.01155e-24 0.00000e+00 
8.57861e-06 1.04431e-24  -1.04404e-24 0.00000e+00 
8.71478e-06 1.07736e-24  -1.07708e-24 0.00000e+00 
8.85095e-06 1.11093e-24  -1.11065e-24 0.00000e+00 
8.98712e-06 1.14506e-24  -1.14479e-24 0.00000e+00 
9.12329e-06 1.17963e-24  -1.17935e-24 0.00000e+00 
9.25946e-06 1.21467e-24  -1.21440e-24 0.00000e+00 
9.39563e-06 1.25031e-24  -1.25003e-24 0.00000e+00 
9.53179e-06 1.28645e-24  -1.28618e-24 0.00000e+00 
9.66796e-06 1.32287e-24  -1.32259e-24 0.00000e+00 
9.80413e-06 1.35961e-24  -1.35933e-24 0.00000e+00 
9.94030e-06 1.39692e-24  -1.39664e-24 0.00000e+00 
1.00765e-05 1.43475e-24  -1.43447e-24 0.00000e+00 
1.02126e-05 1.47303e-24  -1.47275e-24 0.00000e+00 
1.03488e-05 1.51187e-24  -1.51159e-24 0.00000e+00 
1.04850e-05 1.55126e-24  -1.55099e-24 0.00000e+00 
1.06211e-05 1.59122e-24  -1.59094e-24 0.00000e+00 
1.07573e-05 1.63173e-24  -1.63145e-24 0.00000e+00 
1.08935e-05 1.67279e-24  -1.67252e-24 0.00000e+00 
1.10296e-05 1.71442e-24  -1.71415e-24 0.00000e+00 
1.11658e-05 1.75654e-24  -1.75627e-24 0.00000e+00 
1.13020e-05 1.79915e-24  -1.79888e-24 0.00000e+00 
1.14382e-05 1.84234e-24  -1.84207e-24 0.00000e+00 
1.15743e-05 1.88606e-24  -1.88579e-24 0.00000e+00 
1.17105e-05 1.93027e-24  -1.93000e-24 0.00000e+00 
1.18467e-05 1.97502e-24  -1.97475e-24 0.00000e+00 
1.19828e-05 2.02034e-24  -2.02006e-24 0.00000e+00 
1.21190e-05 2.06624e-24  -2.06597e-24 0.00000e+00 
1.22552e-05 2.11276e-24  -2.11249e-24 0.00000e+00 
1.23913e-05 2.15987e-24  -2.15959e-24 0.00000e+00 
1.25275e-05 2.20738e-24  -2.20711e-24 0.00000e+00 
1.26637e-05 2.25533e-24  -2.25505e-24 0.00000e+00 
1.27998e-05 2.30366e-24  -2.30339e-24 0.00000e+00 
1.29360e-05 2.35203e-24  -2.35175e-24 0.00000e+00 
1.30722e-05 2.40081e-24  -2.40054e-24 0.00000e+00 
1.32083e-05 2.45030e-24  -2.45002e-24 0.00000e+00 
1.33445e-05 2.50033e-24  -2.50006e-24 0.00000e+00 
1.34807e-05 2.55075e-24  -2.55048e-24 0.00000e+00 
1.36168e-05 2.60159e-24  -2.60131e-24 0.00000e+00 
1.37530e-05 2.65301e-24  -2.65274e-24 0.00000e+00 
1.38892e-05 2.70500e-24  -2.70473e-24 0.00000e+00 
1.40254e-05 2.75752e-24  -2.75725e-24 0.00000e+00 
1.41615e-05 2.81060e-24  -2.81032e-24 0.00000e+00 
1.42977e-05 2.86429e-24  -2.86402e-24 0.00000e+00 
1.44339e-05 2.91855e-24  -2.91828e-24 0.00000e+00 
1.45700e-05 2.97329e-24  -2.97302e-24 0.00000e+00 
1.47062e-05 3.02842e-24  -3.02814e-24 0.00000e+00 
1.48424e-05 3.08398e-24  -3.08370e-24 0.00000e+00 
1.49785e-05 3.14011e-24  -3.13984e-24 0.00000e+00 
1.51147e-05 3.19683e-24  -3.19656e-24 0.00000e+00 
1.52509e-05 3.25411e-24  -3.25384e-24 0.00000e+00 
1.53870e-05 3.31185e-24  -3.31158e-24 0.00000e+00 
1.55232e-05 3.37004e-24  -3.36977e-24 0.00000e+00 
1.56594e-05 3.42871e-24  -3.42843e-24 0.00000e+00 
1.57955e-05 3.48788e-24  -3.48761e-24 0.00000e+00 
1.59317e-05 3.54761e-24  -3.54734e-24 0.00000e+00 
1.60679e-05 3.60790e-24  -3.60763e-24 0.00000e+00 
1.62041e-05 3.66873e-24  -3.66846e-24 0.00000e+00 
1.63402e-05 3.73007e-24  -3.72980e-24 0.00000e+00 
1.64764e-05 3.79191e-24  -3.79164e-24 0.00000e+00 
1.66126e-05 3.85425e-24  -3.85398e-24 0.00000e+00 
1.67487e-05 3.91708e-24  -3.91680e-24 0.00000e+00 
1.68849e-05 3.98045e-24  -3.98017e-24 0.00000e+00 
1.70211e-05 4.04441e-24  -4.04413e-24 0.00000e+00 
1.71572e-05 4.10893e-24  -4.10866e-24 0.00000e+00 
1.72934e-05 4.17400e-24  -4.17372e-24 0.00000e+00 
1.74296e-05 4.23960e-24  -4.23933e-24 0.00000e+00 
1.75657e-05 4.30573e-24  -4.30546e-24 0.00000e+00 
1.77019e-05 4.37240e-24  -4.37213e-24 0.00000e+00 
1.78381e-05 4.43959e-24  -4.43932e-24 0.00000e+00 
1.79742e-05 4.50727e-24  -4.50700e-24 0.00000e+00 
1.81104e-05 4.57546e-24  -4.57519e-24 0.00000e+00 
1.82466e-05 4.64418e-24  -4.64390e-24 0.00000e+00 
1.83827e-05 4.71344e-24  -4.71317e-24 0.00000e+00 
1.85189e-05 4.78326e-24  -4.78298e-24 0.00000e+00 
1.86551e-05 4.85356e-24  -4.85329e-24 0.00000e+00 
1.87913e-05 4.92430e-24  -4.92403e-24 0.00000e+00 
1.89274e-05 4.99544e-24  -4.99517e-24 0.00000e+00 
1.90636e-05 5.06695e-24  -5.06667e-24 0.00000e+00 
1.91998e-05 5.13883e-24  -5.13856e-24 0.00000e+00 
1.93359e-05 5.21110e-24  -5.21082e-24 0.00000e+00 
1.94721e-05 5.28393e-24  -5.28365e-24 0.00000e+00 
1.96083e-05 5.35735e-24  -5.35708e-24 0.00000e+00 
1.97444e-05 5.43125e-24  -5.43098e-24 0.00000e+00 
1.98806e-05 5.50564e-24  -5.50536e-24 0.00000e+00 
2.00168e-05 5.58062e-24  -5.58034e-24 0.00000e+00 
2.01529e-05 5.65619e-24  -5.65591e-24 0.00000e+00 
2.02891e-05 5.73226e-24  -5.73198e-24 0.00000e+00 
2.04253e-05 5.80871e-24  -5.80842e-24 0.00000e+00 
2.05614e-05 5.88566e-24  -5.88538e-24 0.00000e+00 
2.06976e-05 5.96327e-24  -5.96299e-24 0.00000e+00 
2.08338e-05 6.04150e-24  -6.04122e-24 0.00000e+00 
2.09699e-05 6.12033e-24  -6.12005e-24 0.00000e+00 
2.11061e-05 6.19978e-24  -6.19950e-24 0.00000e+00 
2.12423e-05 6.27980e-24  -6.27952e-24 0.00000e+00 
2.13785e-05 6.36040e-24  -6.36011e-24 0.00000e+00 
2.15146e-05 6.44154e-24  -6.44125e-24 0.00000e+00 
2.16508e-05 6.52303e-24  -6.52275e-24 0.00000e+00 
2.17870e-05 6.60469e-24  -6.60441e-24 0.00000e+00 
2.19231e-05 6.68682e-24  -6.68654e-24 0.00000e+00 
2.20593e-05 6.76952e-24  -6.76924e-24 0.00000e+00 
2.21955e-05 6.85279e-24  -6.85251e-24 0.00000e+00 
2.23316e-05 6.93663e-24  -6.93635e-24 0.00000e+00 
2.24678e-05 7.02103e-24  -7.02075e-24 0.00000e+00 
2.26040e-05 7.10599e-24  -7.10571e-24 0.00000e+00 
2.27401e-05 7.19143e-24  -7.19115e-24 0.00000e+00 
2.28763e-05 7.27736e-24  -7.27708e-24 0.00000e+00 
2.30125e-05 7.36377e-24  -7.36350e-24 0.00000e+00 
2.31486e-05 7.45057e-24  -7.45030e-24 0.00000e+00 
2.32848e-05 7.53772e-24  -7.53744e-24 0.00000e+00 
2.34210e-05 7.62521e-24  -7.62491e-24 0.00000e+00 
2.35572e-05 7.71334e-24  -7.71303e-24 0.00000e+00 
2.36933e-05 7.80221e-24  -7.80191e-24 0.00000e+00 
2.38295e-05 7.89172e-24  -7.89143e-24 0.00000e+00 
2.39657e-05 7.98195e-24  -7.98165e-24 0.00000e+00 
2.41018e-05 8.07267e-24  -8.07239e-24 0.00000e+00 
2.42380e-05 8.16372e-24  -8.16344e-24 0.00000e+00 
2.43742e-05 8.25500e-24  -8.25471e-24 0.00000e+00 
2.45103e-05 8.34654e-24  -8.34623e-24 0.00000e+00 
2.46465e-05 8.43873e-24  -8.43844e-24 0.00000e+00 
2.47827e-05 8.53159e-24  -8.53130e-24 0.00000e+00 
2.49188e-05 8.62505e-24  -8.62477e-24 0.00000e+00 
2.50550e-05 8.71907e-24  -8.71879e-24 0.00000e+00 
2.51912e-05 8.81364e-24  -8.81336e-24 0.00000e+00 
2.53273e-05 8.90879e-24  -8.90851e-24 0.00000e+00 
2.54635e-05 9.00453e-24  -9.00425e-24 0.00000e+00 
2.55997e-05 9.10078e-24  -9.10049e-24 0.00000e+00 
2.57358e-05 9.19756e-24  -9.19723e-24 0.00000e+00 
2.58720e-05 9.29513e-24  -9.29482e-24 0.00000e+00 
2.60082e-05 9.39346e-24  -9.39316e-24 0.00000e+00 
2.61444e-05 9.49221e-24  -9.49193e-24 0.00000e+00 
2.62805e-05 9.59120e-24  -9.59093e-24 0.00000e+00 
2.64167e-05 9.69041e-24  -9.69013e-24 0.00000e+00 
2.65529e-05 9.78977e-24  -9.78949e-24 0.00000e+00 
2.66890e-05 9.88941e-24  -9.88912e-24 0.00000e+00 
2.68252e-05 9.98946e-24  -9.98918e-24 0.00000e+00 
2.69614e-05 1.00901e-23  -1.00898e-23 0.00000e+00 
2.70975e-05 1.01913e-23  -1.01910e-23 0.00000e+00 
2.72337e-05 1.02932e-23  -1.02929e-23 0.00000e+00 
2.73699e-05 1.03959e-23  -1.03956e-23 0.00000e+00 
2.75060e-05 1.04991e-23  -1.04988e-23 0.00000e+00 
2.76422e-05 1.06030e-23  -1.06027e-23 0.00000e+00 
2.77784e-05 1.07072e-23  -1.07069e-23 0.00000e+00 
2.79145e-05 1.08119e-23  -1.08116e-23 0.00000e+00 
2.80507e-05 1.09169e-23  -1.09166e-23 0.00000e+00 
2.81869e-05 1.10225e-23  -1.10222e-23 0.00000e+00 
2.83230e-05 1.11284e-23  -1.11281e-23 0.00000e+00 
2.84592e-05 1.12348e-23  -1.12345e-23 0.00000e+00 
2.85954e-05 1.13414e-23  -1.13411e-23 0.00000e+00 
2.87316e-05 1.14486e-23  -1.14483e-23 0.00000e+00 
2.88677e-05 1.15563e-23  -1.15560e-23 0.00000e+00 
2.90039e-05 1.16647e-23  -1.16644e-23 0.00000e+00 
2.91401e-05 1.17739e-23  -1.17736e-23 0.00000e+00 
2.92762e-05 1.18839e-23  -1.18836e-23 0.00000e+00 
2.94124e-05 1.19946e-23  -1.19943e-23 0.00000e+00 
2.95486e-05 1.21060e-23  -1.21057e-23 0.00000e+00 
2.96847e-05 1.22177e-23  -1.22174e-23 0.00000e+00 
2.98209e-05 1.23297e-23  -1.23294e-23 0.00000e+00 
2.99571e-05 1.24421e-23  -1.24417e-23 0.00000e+00 
3.00932e-05 1.25547e-23  -1.25544e-23 0.00000e+00 
3.02294e-05 1.26677e-23  -1.26673e-23 0.00000e+00 
3.03656e-05 1.27811e-23  -1.27808e-23 0.00000e+00 
3.05017e-05 1.28952e-23  -1.28949e-23 0.00000e+00 
3.06379e-05 1.30101e-23  -1.30098e-23 0.00000e+00 
3.07741e-05 1.31256e-23  -1.31254e-23 0.00000e+00 
3.09103e-05 1.32419e-23  -1.32416e-23 0.00000e+00 
3.10464e-05 1.33587e-23  -1.33584e-23 0.00000e+00 
3.11826e-05 1.34762e-23  -1.34759e-23 0.00000e+00 
3.13188e-05 1.35941e-23  -1.35938e-23 0.00000e+00 
3.14549e-05 1.37126e-23  -1.37123e-23 0.00000e+00 
3.15911e-05 1.38316e-23  -1.38313e-23 0.00000e+00 
3.17273e-05 1.39510e-23  -1.39507e-23 0.00000e+00 
3.18634e-05 1.40708e-23  -1.40706e-23 0.00000e+00 
3.19996e-05 1.41911e-23  -1.41908e-23 0.00000e+00 
3.21358e-05 1.43118e-23  -1.43115e-23 0.00000e+00 
3.22719e-05 1.44328e-23  -1.44326e-23 0.00000e+00 
3.24081e-05 1.45542e-23  -1.45540e-23 0.00000e+00 
3.25443e-05 1.46762e-23  -1.46759e-23 0.00000e+00 
3.26804e-05 1.47988e-23  -1.47985e-23 0.00000e+00 
3.28166e-05 1.49219e-23  -1.49216e-23 0.00000e+00 
3.29528e-05 1.50456e-23  -1.50453e-23 0.00000e+00 
3.30889e-05 1.51699e-23  -1.51696e-23 0.00000e+00 
3.32251e-05 1.52949e-23  -1.52946e-23 0.00000e+00 
3.33613e-05 1.54204e-23  -1.54201e-23 0.00000e+00 
3.34975e-05 1.55465e-23  -1.55462e-23 0.00000e+00 
3.36336e-05 1.56729e-23  -1.56726e-23 0.00000e+00 
3.37698e-05 1.57993e-23  -1.57991e-23 0.00000e+00 
3.39060e-05 1.59258e-23  -1.59256e-23 0.00000e+00 
3.40421e-05 1.60527e-23  -1.60524e-23 0.00000e+00 
3.41783e-05 1.61800e-23  -1.61797e-23 0.00000e+00 
3.43145e-05 1.63077e-23  -1.63075e-23 0.00000e+00 
3.44506e-05 1.64361e-23  -1.64358e-23 0.00000e+00 
3.45868e-05 1.65649e-23  -1.65646e-23 0.00000e+00 
3.47230e-05 1.66944e-23  -1.66941e-23 0.00000e+00 
3.48591e-05 1.68246e-23  -1.68243e-23 0.00000e+00 
3.49953e-05 1.69554e-23  -1.69551e-23 0.00000e+00 
3.51315e-05 1.70869e-23  -1.70866e-23 0.00000e+00 
3.52676e-05 1.72189e-23  -1.72186e-23 0.00000e+00 
3.54038e-05 1.73517e-23  -1.73514e-23 0.00000e+00 
3.55400e-05 1.74853e-23  -1.74850e-23 0.00000e+00 
3.56761e-05 1.76196e-23  -1.76193e-23 0.00000e+00 
3.58123e-05 1.77545e-23  -1.77542e-23 0.00000e+00 
3.59485e-05 1.78897e-23  -1.78894e-23 0.00000e+00 
3.60847e-05 1.80251e-23  -1.80248e-23 0.00000e+00 
3.62208e-05 1.81607e-23  -1.81604e-23 0.00000e+00 
3.63570e-05 1.82966e-23  -1.82963e-23 0.00000e+00 
3.64932e-05 1.84327e-23  -1.84324e-23 0.00000e+00 
3.66293e-05 1.85694e-23  -1.85691e-23 0.00000e+00 
3.67655e-05 1.87069e-23  -1.87066e-23 0.00000e+00 
3.69017e-05 1.88450e-23  -1.88448e-23 0.00000e+00 
3.70378e-05 1.89839e-23  -1.89836e-23 0.00000e+00 
3.71740e-05 1.91233e-23  -1.91230e-23 0.00000e+00 
3.73102e-05 1.92631e-23  -1.92628e-23 0.00000e+00 
3.74463e-05 1.94033e-23  -1.94030e-23 0.00000e+00 
3.75825e-05 1.95440e-23  -1.95437e-23 0.00000e+00 
3.77187e-05 1.96853e-23  -1.96850e-23 0.00000e+00 
3.78548e-05 1.98271e-23  -1.98268e-23 0.00000e+00 
3.79910e-05 1.99694e-23  -1.99691e-23 0.00000e+00 
3.81272e-05 2.01121e-23  -2.01118e-23 0.00000e+00 
3.82634e-05 2.02554e-23  -2.02551e-23 0.00000e+00 
3.83995e-05 2.03992e-23  -2.03989e-23 0.00000e+00 
3.85357e-05 2.05434e-23  -2.05431e-23 0.00000e+00 
3.86719e-05 2.06880e-23  -2.06877e-23 0.00000e+00 
3.88080e-05 2.08332e-23  -2.08329e-23 0.00000e+00 
3.89442e-05 2.09790e-23  -2.09787e-23 0.00000e+00 
3.90804e-05 2.11255e-23  -2.11252e-23 0.00000e+00 
3.92165e-05 2.12726e-23  -2.12723e-23 0.00000e+00 
3.93527e-05 2.14203e-23  -2.14200e-23 0.00000e+00 
3.94889e-05 2.15686e-23  -2.15683e-23 0.00000e+00 
3.96250e-05 2.17174e-23  -2.17171e-23 0.00000e+00 
3.97612e-05 2.18667e-23  -2.18664e-23 0.00000e+00 
3.98974e-05 2.20164e-23  -2.20161e-23 0.00000e+00 
4.00335e-05 2.21665e-23  -2.21662e-23 0.00000e+00 
4.01697e-05 2.23169e-23  -2.23167e-23 0.00000e+00 
4.03059e-05 2.24677e-23  -2.24674e-23 0.00000e+00 
4.04420e-05 2.26189e-23  -2.26186e-23 0.00000e+00 
4.05782e-05 2.27706e-23  -2.27703e-23 0.00000e+00 
4.07144e-05 2.29230e-23  -2.29227e-23 0.00000e+00 
4.08506e-05 2.30761e-23  -2.30758e-23 0.00000e+00 
4.09867e-05 2.32296e-23  -2.32294e-23 0.00000e+00 
4.11229e-05 2.33836e-23  -2.33833e-23 0.00000e+00 
4.12591e-05 2.35379e-23  -2.35376e-23 0.00000e+00 
4.13952e-05 2.36927e-23  -2.36924e-23 0.00000e+00 
4.15314e-05 2.38481e-23  -2.38478e-23 0.00000e+00 
4.16676e-05 2.40042e-23  -2.40039e-23 0.00000e+00 
4.18037e-05 2.41609e-23  -2.41606e-23 0.00000e+00 
4.19399e-05 2.43182e-23  -2.43179e-23 0.00000e+00 
4.20761e-05 2.44762e-23  -2.44759e-23 0.00000e+00 
4.22122e-05 2.46346e-23  -2.46343e-23 0.00000e+00 
4.23484e-05 2.47936e-23  -2.47933e-23 0.00000e+00 
4.24846e-05 2.49528e-23  -2.49525e-23 0.00000e+00 
4.26207e-05 2.51123e-23  -2.51120e-23 0.00000e+00 
4.27569e-05 2.52723e-23  -2.52720e-23 0.00000e+00 
4.28931e-05 2.54327e-23  -2.54324e-23 0.00000e+00 
4.30293e-05 2.55936e-23  -2.55933e-23 0.00000e+00 
4.31654e-05 2.57552e-23  -2.57549e-23 0.00000e+00 
4.33016e-05 2.59174e-23  -2.59171e-23 0.00000e+00 
4.34378e-05 2.60802e-23  -2.60799e-23 0.00000e+00 
4.35739e-05 2.62436e-23  -2.62433e-23 0.00000e+00 
4.37101e-05 2.64076e-23  -2.64074e-23 0.00000e+00 
4.38463e-05 2.65723e-23  -2.65720e-23 0.00000e+00 
4.39824e-05 2.67375e-23  -2.67372e-23 0.00000e+00 
4.41186e-05 2.69033e-23  -2.69030e-23 0.00000e+00 
4.42548e-05 2.70696e-23  -2.70693e-23 0.00000e+00 
4.43909e-05 2.72365e-23  -2.72362e-23 0.00000e+00 
4.45271e-05 2.74037e-23  -2.74035e-23 0.00000e+00 
4.46633e-05 2.75712e-23  -2.75709e-23 0.00000e+00 
4.47994e-05 2.77393e-23  -2.77390e-23 0.00000e+00 
4.49356e-05 2.79081e-23  -2.79078e-23 0.00000e+00 
4.50718e-05 2.80774e-23  -2.80771e-23 0.00000e+00 
4.52079e-05 2.82469e-23  -2.82466e-23 0.00000e+00 
4.53441e-05 2.84167e-23  -2.84164e-23 0.00000e+00 
4.54803e-05 2.85871e-23  -2.85868e-23 0.00000e+00 
4.56165e-05 2.87580e-23  -2.87577e-23 0.00000e+00 
4.57526e-05 2.89291e-23  -2.89288e-23 0.00000e+00 
4.58888e-05 2.91006e-23  -2.91003e-23 0.00000e+00 
4.60250e-05 2.92724e-23  -2.92721e-23 0.00000e+00 
4.61611e-05 2.94448e-23  -2.94445e-23 0.00000e+00 
4.62973e-05 2.96177e-23  -2.96174e-23 0.00000e+00 
4.64335e-05 2.97913e-23  -2.97910e-23 0.00000e+00 
4.65696e-05 2.99654e-23  -2.99651e-23 0.00000e+00 
4.67058e-05 3.01400e-23  -3.01397e-23 0.00000e+00 
4.68420e-05 3.03154e-23  -3.03151e-23 0.00000e+00 
4.69781e-05 3.04914e-23  -3.04911e-23 0.00000e+00 
4.71143e-05 3.06681e-23  -3.06679e-23 0.00000e+00 
4.72505e-05 3.08455e-23  -3.08452e-23 0.00000e+00 
4.73866e-05 3.10235e-23  -3.10232e-23 0.00000e+00 
4.75228e-05 3.12021e-23  -3.12018e-23 0.00000e+00 
4.76590e-05 3.13812e-23  -3.13809e-23 0.00000e+00 
4.77951e-05 3.15606e-23  -3.15603e-23 0.00000e+00 
4.79313e-05 3.17402e-23  -3.17400e-23 0.00000e+00 
4.80675e-05 3.19199e-23  -3.19196e-23 0.00000e+00 
4.82037e-05 3.20998e-23  -3.20995e-23 0.00000e+00 
4.83398e-05 3.22801e-23  -3.22799e-23 0.00000e+00 
4.84760e-05 3.24609e-23  -3.24606e-23 0.00000e+00 
4.86122e-05 3.26422e-23  -3.26419e-23 0.00000e+00 
4.87483e-05 3.28241e-23  -3.28239e-23 0.00000e+00 
4.88845e-05 3.30068e-23  -3.30065e-23 0.00000e+00 
4.90207e-05 3.31903e-23  -3.31900e-23 0.00000e+00 
4.91568e-05 3.33744e-23  -3.33741e-23 0.00000e+00 
4.92930e-05 3.35591e-23  -3.35588e-23 0.00000e+00 
4.94292e-05 3.37445e-23  -3.37442e-23 0.00000e+00 
4.95653e-05 3.39308e-23  -3.39305e-23 0.00000e+00 
4.97015e-05 3.41179e-23  -3.41176e-23 0.00000e+00 
4.98377e-05 3.43058e-23  -3.43055e-23 0.00000e+00 
4.99738e-05 3.44944e-23  -3.44941e-23 0.00000e+00 
5.01100e-05 3.46833e-23  -3.46830e-23 0.00000e+00 
5.02462e-05 3.48721e-23  -3.48718e-23 0.00000e+00 
5.03824e-05 3.50608e-23  -3.50606e-23 0.00000e+00 
5.05185e-05 3.52494e-23  -3.52491e-23 0.00000e+00 
5.06547e-05 3.54380e-23  -3.54377e-23 0.00000e+00 
5.07909e-05 3.56271e-23  -3.56268e-23 0.00000e+00 
5.09270e-05 3.58171e-23  -3.58168e-23 0.00000e+00 
5.10632e-05 3.60079e-23  -3.60076e-23 0.00000e+00 
5.11994e-05 3.61994e-23  -3.61991e-23 0.00000e+00 
5.13355e-05 3.63913e-23  -3.63910e-23 0.00000e+00 
5.14717e-05 3.65836e-23  -3.65833e-23 0.00000e+00 
5.16079e-05 3.67764e-23  -3.67761e-23 0.00000e+00 
5.17440e-05 3.69702e-23  -3.69699e-23 0.00000e+00 
5.18802e-05 3.71649e-23  -3.71645e-23 0.00000e+00 
5.20164e-05 3.73604e-23  -3.73601e-23 0.00000e+00 
5.21525e-05 3.75562e-23  -3.75560e-23 0.00000e+00 
5.22887e-05 3.77520e-23  -3.77517e-23 0.00000e+00 
5.24249e-05 3.79480e-23  -3.79477e-23 0.00000e+00 
5.25610e-05 3.81446e-23  -3.81443e-23 0.00000e+00 
5.26972e-05 3.83419e-23  -3.83415e-23 0.00000e+00 
5.28334e-05 3.85400e-23  -3.85396e-23 0.00000e+00 
5.29696e-05 3.87389e-23  -3.87386e-23 0.00000e+00 
5.31057e-05 3.89381e-23  -3.89378e-23 0.00000e+00 
5.32419e-05 3.91373e-23  -3.91370e-23 0.00000e+00 
5.33781e-05 3.93370e-23  -3.93367e-23 0.00000e+00 
5.35142e-05 3.95376e-23  -3.95372e-23 0.00000e+00 
5.36504e-05 3.97388e-23  -3.97385e-23 0.00000e+00 
5.37866e-05 3.99408e-23  -3.99405e-23 0.00000e+00 
5.39227e-05 4.01433e-23  -4.01430e-23 0.00000e+00 
5.40589e-05 4.03460e-23  -4.03457e-23 0.00000e+00 
5.41951e-05 4.05487e-23  -4.05484e-23 0.00000e+00 
5.43312e-05 4.07518e-23  -4.07515e-23 0.00000e+00 
5.44674e-05 4.09555e-23  -4.09552e-23 0.00000e+00 
5.46036e-05 4.11598e-23  -4.11595e-23 0.00000e+00 
5.47397e-05 4.13647e-23  -4.13644e-23 0.00000e+00 
5.48759e-05 4.15703e-23  -4.15700e-23 0.00000e+00 
5.50121e-05 4.17765e-23  -4.17762e-23 0.00000e+00 
5.51482e-05 4.19830e-23  -4.19827e-23 0.00000e+00 
5.52844e-05 4.21901e-23  -4.21898e-23 0.00000e+00 
5.54206e-05 4.23979e-23  -4.23976e-23 0.00000e+00 
5.55568e-05 4.26062e-23  -4.26060e-23 0.00000e+00 
5.56929e-05 4.28152e-23  -4.28150e-23 0.00000e+00 
5.58291e-05 4.30248e-23  -4.30246e-23 0.00000e+00 
5.59653e-05 4.32351e-23  -4.32348e-23 0.00000e+00 
5.61014e-05 4.34459e-23  -4.34457e-23 0.00000e+00 
5.62376e-05 4.36574e-23  -4.36571e-23 0.00000e+00 
5.63738e-05 4.38696e-23  -4.38693e-23 0.00000e+00 
5.65099e-05 4.40822e-23  -4.40819e-23 0.00000e+00 
5.66461e-05 4.42950e-23  -4.42947e-23 0.00000e+00 
5.67823e-05 4.45081e-23  -4.45079e-23 0.00000e+00 
5.69184e-05 4.47219e-23  -4.47216e-23 0.00000e+00 
5.70546e-05 4.49363e-23  -4.49360e-23 0.00000e+00 
5.71908e-05 4.51512e-23  -4.51510e-23 0.00000e+00 
5.73269e-05 4.53665e-23  -4.53662e-23 0.00000e+00 
5.74631e-05 4.55821e-23  -4.55818e-23 0.00000e+00 
5.75993e-05 4.57981e-23  -4.57979e-23 0.00000e+00 
5.77355e-05 4.60148e-23  -4.60145e-23 0.00000e+00 
5.78716e-05 4.62319e-23  -4.62316e-23 0.00000e+00 
5.80078e-05 4.64493e-23  -4.64490e-23 0.00000e+00 
5.81440e-05 4.66667e-23  -4.66664e-23 0.00000e+00 
5.82801e-05 4.68843e-23  -4.68840e-23 0.00000e+00 
5.84163e-05 4.71026e-23  -4.71023e-23 0.00000e+00 
5.85525e-05 4.73215e-23  -4.73213e-23 0.00000e+00 
5.86886e-05 4.75410e-23  -4.75407e-23 0.00000e+00 
5.88248e-05 4.77609e-23  -4.77606e-23 0.00000e+00 
5.89610e-05 4.79814e-23  -4.79811e-23 0.00000e+00 
5.90971e-05 4.82024e-23  -4.82021e-23 0.00000e+00 
5.92333e-05 4.84240e-23  -4.84237e-23 0.00000e+00 
5.93695e-05 4.86461e-23  -4.86458e-23 0.00000e+00 
5.95056e-05 4.88686e-23  -4.88683e-23 0.00000e+00 
5.96418e-05 4.90917e-23  -4.90914e-23 0.00000e+00 
5.97780e-05 4.93154e-23  -4.93151e-23 0.00000e+00 
5.99141e-05 4.95394e-23  -4.95391e-23 0.00000e+00 
6.00503e-05 4.97637e-23  -4.97634e-23 0.00000e+00 
6.01865e-05 4.99884e-23  -4.99881e-23 0.00000e+00 
6.03227e-05 5.02139e-23  -5.02136e-23 0.00000e+00 
6.04588e-05 5.04401e-23  -5.04398e-23 0.00000e+00 
6.05950e-05 5.06667e-23  -5.06665e-23 0.00000e+00 
6.07312e-05 5.08939e-23  -5.08937e-23 0.00000e+00 
6.08673e-05 5.11216e-23  -5.11213e-23 0.00000e+00 
6.10035e-05 5.13498e-23  -5.13495e-23 0.00000e+00 
6.11397e-05 5.15785e-23  -5.15782e-23 0.00000e+00 
6.12758e-05 5.18075e-23  -5.18073e-23 0.00000e+00 
6.14120e-05 5.20369e-23  -5.20367e-23 0.00000e+00 
6.15482e-05 5.22667e-23  -5.22664e-23 0.00000e+00 
6.16843e-05 5.24971e-23  -5.24968e-23 0.00000e+00 
6.18205e-05 5.27280e-23  -5.27277e-23 0.00000e+00 
6.19567e-05 5.29595e-23  -5.29593e-23 0.00000e+00 
6.20928e-05 5.31917e-23  -5.31914e-23 0.00000e+00 
6.22290e-05 5.34244e-23  -5.34241e-23 0.00000e+00 
6.23652e-05 5.36578e-23  -5.36575e-23 0.00000e+00 
6.25013e-05 5.38918e-23  -5.38915e-23 0.00000e+00 
6.26375e-05 5.41265e-23  -5.41262e-23 0.00000e+00 
6.27737e-05 5.43618e-23  -5.43615e-23 0.00000e+00 
6.29099e-05 5.45975e-23  -5.45972e-23 0.00000e+00 
6.30460e-05 5.48334e-23  -5.48331e-23 0.00000e+00 
6.31822e-05 5.50697e-23  -5.50694e-23 0.00000e+00 
6.33184e-05 5.53066e-23  -5.53063e-23 0.00000e+00 
6.34545e-05 5.55440e-23  -5.55437e-23 0.00000e+00 
6.35907e-05 5.57820e-23  -5.57817e-23 0.00000e+00 
6.37269e-05 5.60206e-23  -5.60203e-23 0.00000e+00 
6.38630e-05 5.62598e-23  -5.62595e-23 0.00000e+00 
6.39992e-05 5.64994e-23  -5.64991e-23 0.00000e+00 
6.41354e-05 5.67394e-23  -5.67391e-23 0.00000e+00 
6.42715e-05 5.69801e-23  -5.69798e-23 0.00000e+00 
6.44077e-05 5.72214e-23  -5.72211e-23 0.00000e+00 
6.45439e-05 5.74633e-23  -5.74630e-23 0.00000e+00 
6.46800e-05 5.77057e-23  -5.77055e-23 0.00000e+00 
6.48162e-05 5.79487e-23  -5.79484e-23 0.00000e+00 
6.49524e-05 5.81922e-23  -5.81919e-23 0.00000e+00 
6.50886e-05 5.84364e-23  -5.84361e-23 0.00000e+00 
6.52247e-05 5.86811e-23  -5.86808e-23 0.00000e+00 
6.53609e-05 5.89264e-23  -5.89261e-23 0.00000e+00 
6.54971e-05 5.91724e-23  -5.91721e-23 0.00000e+00 
6.56332e-05 5.94190e-23  -5.94187e-23 0.00000e+00 
6.57694e-05 5.96659e-23  -5.96656e-23 0.00000e+00 
6.59056e-05 5.99129e-23  -5.99126e-23 0.00000e+00 
6.60417e-05 6.01602e-23  -6.01599e-23 0.00000e+00 
6.61779e-05 6.04082e-23  -6.04079e-23 0.00000e+00 
6.63141e-05 6.06568e-23  -6.06565e-23 0.00000e+00 
6.64502e-05 6.09060e-23  -6.09057e-23 0.00000e+00 
6.65864e-05 6.11558e-23  -6.11556e-23 0.00000e+00 
6.67226e-05 6.14063e-23  -6.14061e-23 0.00000e+00 
6.68587e-05 6.16574e-23  -6.16572e-23 0.00000e+00 
6.69949e-05 6.19088e-23  -6.19085e-23 0.00000e+00 
6.71311e-05 6.21602e-23  -6.21599e-23 0.00000e+00 
6.72672e-05 6.24119e-23  -6.24117e-23 0.00000e+00 
6.74034e-05 6.26643e-23  -6.26640e-23 0.00000e+00 
6.75396e-05 6.29172e-23  -6.29169e-23 0.00000e+00 
6.76758e-05 6.31707e-23  -6.31704e-23 0.00000e+00 
6.78119e-05 6.34249e-23  -6.34247e-23 0.00000e+00 
6.79481e-05 6.36798e-23  -6.36796e-23 0.00000e+00 
6.80843e-05 6.39354e-23  -6.39351e-23 0.00000e+00 
6.82204e-05 6.41915e-23  -6.41913e-23 0.00000e+00 
6.83566e-05 6.44482e-23  -6.44479e-23 0.00000e+00 
6.84928e-05 6.47053e-23  -6.47050e-23 0.00000e+00 
6.86289e-05 6.49628e-23  -6.49625e-23 0.00000e+00 
6.87651e-05 6.52209e-23  -6.52206e-23 0.00000e+00 
6.89013e-05 6.54792e-23  -6.54790e-23 0.00000e+00 
6.90374e-05 6.57380e-23  -6.57377e-23 0.00000e+00 
6.91736e-05 6.59974e-23  -6.59971e-23 0.00000e+00 
6.93098e-05 6.62573e-23  -6.62570e-23 0.00000e+00 
6.94459e-05 6.65177e-23  -6.65174e-23 0.00000e+00 
6.95821e-05 6.67785e-23  -6.67782e-23 0.00000e+00 
6.97183e-05 6.70397e-23  -6.70394e-23 0.00000e+00 
6.98544e-05 6.73015e-23  -6.73013e-23 0.00000e+00 
6.99906e-05 6.75638e-23  -6.75635e-23 0.00000e+00 
7.01268e-05 6.78266e-23  -6.78263e-23 0.00000e+00 
7.02630e-05 6.80900e-23  -6.80897e-23 0.00000e+00 
7.03991e-05 6.83538e-23  -6.83536e-23 0.00000e+00 
7.05353e-05 6.86182e-23  -6.86179e-23 0.00000e+00 
7.06715e-05 6.88833e-23  -6.88830e-23 0.00000e+00 
7.08076e-05 6.91487e-23  -6.91484e-23 0.00000e+00 
7.09438e-05 6.94143e-23  -6.94140e-23 0.00000e+00 
7.10800e-05 6.96802e-23  -6.96799e-23 0.00000e+00 
7.12161e-05 6.99461e-23  -6.99458e-23 0.00000e+00 
7.13523e-05 7.02123e-23  -7.02120e-23 0.00000e+00 
7.14885e-05 7.04792e-23  -7.04789e-23 0.00000e+00 
7.16246e-05 7.07467e-23  -7.07464e-23 0.00000e+00 
7.17608e-05 7.10148e-23  -7.10145e-23 0.00000e+00 
7.18970e-05 7.12833e-23  -7.12830e-23 0.00000e+00 
7.20331e-05 7.15521e-23  -7.15519e-23 0.00000e+00 
7.21693e-05 7.18217e-23  -7.18214e-23 0.00000e+00 
7.23055e-05 7.20918e-23  -7.20915e-23 0.00000e+00 
7.24417e-05 7.23624e-23  -7.23621e-23 0.00000e+00 
7.25778e-05 7.26336e-23  -7.26333e-23 0.00000e+00 
7.27140e-05 7.29054e-23  -7.29051e-23 0.00000e+00 
7.28502e-05 7.31778e-23  -7.31775e-23 0.00000e+00 
7.29863e-05 7.34508e-23  -7.34505e-23 0.00000e+00 
7.31225e-05 7.37245e-23  -7.37242e-23 0.00000e+00 
7.32587e-05 7.39989e-23  -7.39986e-23 0.00000e+00 
7.33948e-05 7.42740e-23  -7.42737e-23 0.00000e+00 
7.35310e-05 7.45496e-23  -7.45493e-23 0.00000e+00 
7.36672e-05 7.48257e-23  -7.48254e-23 0.00000e+00 
7.38033e-05 7.51025e-23  -7.51022e-23 0.00000e+00 
7.39395e-05 7.53797e-23  -7.53794e-23 0.00000e+00 
7.40757e-05 7.56572e-23  -7.56570e-23 0.00000e+00 
7.42118e-05 7.59352e-23  -7.59350e-23 0.00000e+00 
7.43480e-05 7.62137e-23  -7.62134e-23 0.00000e+00 
7.44842e-05 7.64926e-23  -7.64923e-23 0.00000e+00 
7.46203e-05 7.67719e-23  -7.67716e-23 0.00000e+00 
7.47565e-05 7.70516e-23  -7.70513e-23 0.00000e+00 
7.48927e-05 7.73317e-23  -7.73314e-23 0.00000e+00 
7.50289e-05 7.76121e-23  -7.76118e-23 0.00000e+00 
7.51650e-05 7.78930e-23  -7.78927e-23 0.00000e+00 
7.53012e-05 7.81744e-23  -7.81741e-23 0.00000e+00 
7.54374e-05 7.84563e-23  -7.84560e-23 0.00000e+00 
7.55735e-05 7.87388e-23  -7.87385e-23 0.00000e+00 
7.57097e-05 7.90218e-23  -7.90215e-23 0.00000e+00 
7.58459e-05 7.93053e-23  -7.93050e-23 0.00000e+00 
7.59820e-05 7.95894e-23  -7.95891e-23 0.00000e+00 
7.61182e-05 7.98741e-23  -7.98738e-23 0.00000e+00 
7.62544e-05 8.01593e-23  -8.01591e-23 0.00000e+00 
7.63905e-05 8.04452e-23  -8.04449e-23 0.00000e+00 
7.65267e-05 8.07316e-23  -8.07313e-23 0.00000e+00 
7.66629e-05 8.10185e-23  -8.10182e-23 0.00000e+00 
7.67990e-05 8.13054e-23  -8.13051e-23 0.00000e+00 
7.69352e-05 8.15924e-23  -8.15922e-23 0.00000e+00 
7.70714e-05 8.18799e-23  -8.18796e-23 0.00000e+00 
7.72075e-05 8.21678e-23  -8.21675e-23 0.00000e+00 
7.73437e-05 8.24563e-23  -8.24560e-23 0.00000e+00 
7.74799e-05 8.27454e-23  -8.27451e-23 0.00000e+00 
7.76161e-05 8.30352e-23  -8.30349e-23 0.00000e+00 
7.77522e-05 8.33255e-23  -8.33252e-23 0.00000e+00 
7.78884e-05 8.36164e-23  -8.36161e-23 0.00000e+00 
7.80246e-05 8.39080e-23  -8.39078e-23 0.00000e+00 
7.81607e-05 8.42003e-23  -8.42001e-23 0.00000e+00 
7.82969e-05 8.44932e-23  -8.44929e-23 0.00000e+00 
7.84331e-05 8.47865e-23  -8.47862e-23 0.00000e+00 
7.85692e-05 8.50804e-23  -8.50802e-23 0.00000e+00 
7.87054e-05 8.53748e-23  -8.53745e-23 0.00000e+00 
7.88416e-05 8.56697e-23  -8.56694e-23 0.00000e+00 
7.89777e-05 8.59651e-23  -8.59648e-23 0.00000e+00 
7.91139e-05 8.62611e-23  -8.62608e-23 0.00000e+00 
7.92501e-05 8.65576e-23  -8.65574e-23 0.00000e+00 
7.93862e-05 8.68548e-23  -8.68545e-23 0.00000e+00 
7.95224e-05 8.71524e-23  -8.71522e-23 0.00000e+00 
7.96586e-05 8.74506e-23  -8.74503e-23 0.00000e+00 
7.97948e-05 8.77491e-23  -8.77488e-23 0.00000e+00 
7.99309e-05 8.80482e-23  -8.80479e-23 0.00000e+00 
8.00671e-05 8.83478e-23  -8.83475e-23 0.00000e+00 
8.02033e-05 8.86478e-23  -8.86475e-23 0.00000e+00 
8.03394e-05 8.89483e-23  -8.89480e-23 0.00000e+00 
8.04756e-05 8.92495e-23  -8.92492e-23 0.00000e+00 
8.06118e-05 8.95513e-23  -8.95510e-23 0.00000e+00 
8.07479e-05 8.98537e-23  -8.98535e-23 0.00000e+00 
8.08841e-05 9.01566e-23  -9.01564e-23 0.00000e+00 
8.10203e-05 9.04599e-23  -9.04596e-23 0.00000e+00 
8.11564e-05 9.07638e-23  -9.07635e-23 0.00000e+00 
8.12926e-05 9.10682e-23  -9.10679e-23 0.00000e+00 
8.14288e-05 9.13733e-23  -9.13730e-23 0.00000e+00 
8.15649e-05 9.16790e-23  -9.16787e-23 0.00000e+00 
8.17011e-05 9.19852e-23  -9.19849e-23 0.00000e+00 
8.18373e-05 9.22919e-23  -9.22917e-23 0.00000e+00 
8.19734e-05 9.25992e-23  -9.25989e-23 0.00000e+00 
8.21096e-05 9.29069e-23  -9.29067e-23 0.00000e+00 
8.22458e-05 9.32152e-23  -9.32149e-23 0.00000e+00 
8.23820e-05 9.35240e-23  -9.35238e-23 0.00000e+00 
8.25181e-05 9.38335e-23  -9.38332e-23 0.00000e+00 
8.26543e-05 9.41434e-23  -9.41432e-23 0.00000e+00 
8.27905e-05 9.44540e-23  -9.44537e-23 0.00000e+00 
8.29266e-05 9.47651e-23  -9.47648e-23 0.00000e+00 
8.30628e-05 9.50768e-23  -9.50765e-23 0.00000e+00 
8.31990e-05 9.53890e-23  -9.53887e-23 0.00000e+00 
8.33351e-05 9.57015e-23  -9.57012e-23 0.00000e+00 
8.34713e-05 9.60145e-23  -9.60143e-23 0.00000e+00 
8.36075e-05 9.63279e-23  -9.63276e-23 0.00000e+00 
8.37436e-05 9.66415e-23  -9.66412e-23 0.00000e+00 
8.38798e-05 9.69554e-23  -9.69551e-23 0.00000e+00 
8.40160e-05 9.72696e-23  -9.72693e-23 0.00000e+00 
8.41521e-05 9.75842e-23  -9.75839e-23 0.00000e+00 
8.42883e-05 9.78995e-23  -9.78992e-23 0.00000e+00 
8.44245e-05 9.82153e-23  -9.82150e-23 0.00000e+00 
8.45606e-05 9.85317e-23  -9.85314e-23 0.00000e+00 
8.46968e-05 9.88486e-23  -9.88483e-23 0.00000e+00 
8.48330e-05 9.91659e-23  -9.91657e-23 0.00000e+00 
8.49692e-05 9.94837e-23  -9.94835e-23 0.00000e+00 
8.51053e-05 9.98019e-23  -9.98017e-23 0.00000e+00 
8.52415e-05 1.00120e-22  -1.00120e-22 0.00000e+00 
8.53777e-05 1.00439e-22  -1.00439e-22 0.00000e+00 
8.55138e-05 1.00759e-22  -1.00758e-22 0.00000e+00 
8.56500e-05 1.01079e-22  -1.01078e-22 0.00000e+00 
8.57862e-05 1.01399e-22  -1.01399e-22 0.00000e+00 
8.59223e-05 1.01720e-22  -1.01719e-22 0.00000e+00 
8.60585e-05 1.02041e-22  -1.02041e-22 0.00000e+00 
8.61947e-05 1.02363e-22  -1.02363e-22 0.00000e+00 
8.63308e-05 1.02686e-22  -1.02685e-22 0.00000e+00 
8.64670e-05 1.03009e-22  -1.03008e-22 0.00000e+00 
8.66032e-05 1.03332e-22  -1.03332e-22 0.00000e+00 
8.67393e-05 1.03657e-22  -1.03656e-22 0.00000e+00 
8.68755e-05 1.03981e-22  -1.03981e-22 0.00000e+00 
8.70117e-05 1.04307e-22  -1.04306e-22 0.00000e+00 
8.71479e-05 1.04632e-22  -1.04632e-22 0.00000e+00 
8.72840e-05 1.04959e-22  -1.04959e-22 0.00000e+00 
8.74202e-05 1.05286e-22  -1.05285e-22 0.00000e+00 
8.75564e-05 1.05613e-22  -1.05613e-22 0.00000e+00 
8.76925e-05 1.05941e-22  -1.05941e-22 0.00000e+00 
8.78287e-05 1.06269e-22  -1.06269e-22 0.00000e+00 
8.79649e-05 1.06599e-22  -1.06598e-22 0.00000e+00 
8.81010e-05 1.06928e-22  -1.06928e-22 0.00000e+00 
8.82372e-05 1.07258e-22  -1.07258e-22 0.00000e+00 
8.83734e-05 1.07588e-22  -1.07588e-22 0.00000e+00 
8.85095e-05 1.07919e-22  -1.07919e-22 0.00000e+00 
8.86457e-05 1.08251e-22  -1.08250e-22 0.00000e+00 
8.87819e-05 1.08583e-22  -1.08582e-22 0.00000e+00 
8.89180e-05 1.08915e-22  -1.08915e-22 0.00000e+00 
8.90542e-05 1.09249e-22  -1.09248e-22 0.00000e+00 
8.91904e-05 1.09582e-22  -1.09582e-22 0.00000e+00 
8.93265e-05 1.09916e-22  -1.09916e-22 0.00000e+00 
8.94627e-05 1.10251e-22  -1.10251e-22 0.00000e+00 
8.95989e-05 1.10586e-22  -1.10586e-22 0.00000e+00 
8.97351e-05 1.10922e-22  -1.10922e-22 0.00000e+00 
8.98712e-05 1.11259e-22  -1.11258e-22 0.00000e+00 
9.00074e-05 1.11596e-22  -1.11595e-22 0.00000e+00 
9.01436e-05 1.11933e-22  -1.11933e-22 0.00000e+00 
9.02797e-05 1.12271e-22  -1.12271e-22 0.00000e+00 
9.04159e-05 1.12609e-22  -1.12609e-22 0.00000e+00 
9.05521e-05 1.12948e-22  -1.12948e-22 0.00000e+00 
9.06882e-05 1.13288e-22  -1.13287e-22 0.00000e+00 
9.08244e-05 1.13627e-22  -1.13627e-22 0.00000e+00 
9.09606e-05 1.13967e-22  -1.13967e-22 0.00000e+00 
9.10967e-05 1.14308e-22  -1.14307e-22 0.00000e+00 
9.12329e-05 1.14649e-22  -1.14649e-22 0.00000e+00 
9.13691e-05 1.14991e-22  -1.14990e-22 0.00000e+00 
9.15052e-05 1.15333e-22  -1.15333e-22 0.00000e+00 
9.16414e-05 1.15676e-22  -1.15676e-22 0.00000e+00 
9.17776e-05 1.16020e-22  -1.16020e-22 0.00000e+00 
9.19137e-05 1.16364e-22  -1.16364e-22 0.00000e+00 
9.20499e-05 1.16709e-22  -1.16709e-22 0.00000e+00 
9.21861e-05 1.17054e-22  -1.17054e-22 0.00000e+00 
9.23223e-05 1.17400e-22  -1.17399e-22 0.00000e+00 
9.24584e-05 1.17745e-22  -1.17745e-22 0.00000e+00 
9.25946e-05 1.18092e-22  -1.18092e-22 0.00000e+00 
9.27308e-05 1.18439e-22  -1.18439e-22 0.00000e+00 
9.28669e-05 1.18787e-22  -1.18786e-22 0.00000e+00 
9.30031e-05 1.19135e-22  -1.19135e-22 0.00000e+00 
9.31393e-05 1.19484e-22  -1.19483e-22 0.00000e+00 
9.32754e-05 1.19833e-22  -1.19833e-22 0.00000e+00 
9.34116e-05 1.20183e-22  -1.20183e-22 0.00000e+00 
9.35478e-05 1.20533e-22  -1.20533e-22 0.00000e+00 
9.36839e-05 1.20884e-22  -1.20884e-22 0.00000e+00 
9.38201e-05 1.21235e-22  -1.21235e-22 0.00000e+00 
9.39563e-05 1.21587e-22  -1.21586e-22 0.00000e+00 
9.40924e-05 1.21939e-22  -1.21938e-22 0.00000e+00 
9.42286e-05 1.22291e-22  -1.22291e-22 0.00000e+00 
9.43648e-05 1.22645e-22  -1.22644e-22 0.00000e+00 
9.45010e-05 1.22998e-22  -1.22998e-22 0.00000e+00 
9.46371e-05 1.23353e-22  -1.23353e-22 0.00000e+00 
9.47733e-05 1.23708e-22  -1.23708e-22 0.00000e+00 
9.49095e-05 1.24063e-22  -1.24063e-22 0.00000e+00 
9.50456e-05 1.24419e-22  -1.24419e-22 0.00000e+00 
9.51818e-05 1.24776e-22  -1.24776e-22 0.00000e+00 
9.53180e-05 1.25133e-22  -1.25133e-22 0.00000e+00 
9.54541e-05 1.25491e-22  -1.25490e-22 0.00000e+00 
9.55903e-05 1.25849e-22  -1.25849e-22 0.00000e+00 
9.57265e-05 1.26208e-22  -1.26207e-22 0.00000e+00 
9.58626e-05 1.26567e-22  -1.26567e-22 0.00000e+00 
9.59988e-05 1.26927e-22  -1.26926e-22 0.00000e+00 
9.61350e-05 1.27287e-22  -1.27287e-22 0.00000e+00 
9.62711e-05 1.27648e-22  -1.27647e-22 0.00000e+00 
9.64073e-05 1.28009e-22  -1.28009e-22 0.00000e+00 
9.65435e-05 1.28370e-22  -1.28370e-22 0.00000e+00 
9.66796e-05 1.28732e-22  -1.28732e-22 0.00000e+00 
9.68158e-05 1.29095e-22  -1.29095e-22 0.00000e+00 
9.69520e-05 1.29458e-22  -1.29457e-22 0.00000e+00 
9.70882e-05 1.29821e-22  -1.29821e-22 0.00000e+00 
9.72243e-05 1.30184e-22  -1.30184e-22 0.00000e+00 
9.73605e-05 1.30548e-22  -1.30548e-22 0.00000e+00 
9.74967e-05 1.30913e-22  -1.30912e-22 0.00000e+00 
9.76328e-05 1.31278e-22  -1.31278e-22 0.00000e+00 
9.77690e-05 1.31644e-22  -1.31644e-22 0.00000e+00 
9.79052e-05 1.32011e-22  -1.32011e-22 0.00000e+00 
9.80413e-05 1.32378e-22  -1.32378e-22 0.00000e+00 
9.81775e-05 1.32745e-22  -1.32745e-22 0.00000e+00 
9.83137e-05 1.33113e-22  -1.33113e-22 0.00000e+00 
9.84498e-05 1.33481e-22  -1.33481e-22 0.00000e+00 
9.85860e-05 1.33850e-22  -1.33850e-22 0.00000e+00 
9.87222e-05 1.34219e-22  -1.34219e-22 0.00000e+00 
9.88583e-05 1.34589e-22  -1.34589e-22 0.00000e+00 
9.89945e-05 1.34959e-22  -1.34959e-22 0.00000e+00 
9.91307e-05 1.35330e-22  -1.35330e-22 0.00000e+00 
9.92668e-05 1.35701e-22  -1.35701e-22 0.00000e+00 
9.94030e-05 1.36073e-22  -1.36073e-22 0.00000e+00 
9.95392e-05 1.36446e-22  -1.36446e-22 0.00000e+00 
9.96754e-05 1.36819e-22  -1.36819e-22 0.00000e+00 
9.98115e-05 1.37192e-22  -1.37192e-22 0.00000e+00 
9.99477e-05 1.37567e-22  -1.37566e-22 0.00000e+00 
1.00084e-04 1.37941e-22  -1.37941e-22 0.00000e+00 
1.00220e-04 1.38316e-22  -1.38316e-22 0.00000e+00 
1.00356e-04 1.38692e-22  -1.38691e-22 0.00000e+00 
1.00492e-04 1.39068e-22  -1.39067e-22 0.00000e+00 
1.00629e-04 1.39444e-22  -1.39444e-22 0.00000e+00 
1.00765e-04 1.39822e-22  -1.39822e-22 0.00000e+00 
1.00901e-04 1.40200e-22  -1.40199e-22 0.00000e+00 
1.01037e-04 1.40578e-22  -1.40578e-22 0.00000e+00 
1.01173e-04 1.40958e-22  -1.40957e-22 0.00000e+00 
1.01309e-04 1.41337e-22  -1.41337e-22 0.00000e+00 
1.01446e-04 1.41717e-22  -1.41717e-22 0.00000e+00 
1.01582e-04 1.42098e-22  -1.42097e-22 0.00000e+00 
1.01718e-04 1.42478e-22  -1.42478e-22 0.00000e+00 
1.01854e-04 1.42859e-22  -1.42859e-22 0.00000e+00 
1.01990e-04 1.43241e-22  -1.43241e-22 0.00000e+00 
1.02126e-04 1.43624e-22  -1.43624e-22 0.00000e+00 
1.02263e-04 1.44007e-22  -1.44007e-22 0.00000e+00 
1.02399e-04 1.44390e-22  -1.44389e-22 0.00000e+00 
1.02535e-04 1.44773e-22  -1.44772e-22 0.00000e+00 
1.02671e-04 1.45156e-22  -1.45156e-22 0.00000e+00 
1.02807e-04 1.45541e-22  -1.45541e-22 0.00000e+00 
1.02943e-04 1.45927e-22  -1.45927e-22 0.00000e+00 
1.03080e-04 1.46313e-22  -1.46313e-22 0.00000e+00 
1.03216e-04 1.46699e-22  -1.46699e-22 0.00000e+00 
1.03352e-04 1.47085e-22  -1.47085e-22 0.00000e+00 
1.03488e-04 1.47472e-22  -1.47472e-22 0.00000e+00 
1.03624e-04 1.47860e-22  -1.47859e-22 0.00000e+00 
1.03760e-04 1.48248e-22  -1.48247e-22 0.00000e+00 
1.03897e-04 1.48637e-22  -1.48636e-22 0.00000e+00 
1.04033e-04 1.49026e-22  -1.49026e-22 0.00000e+00 
1.04169e-04 1.49416e-22  -1.49415e-22 0.00000e+00 
1.04305e-04 1.49805e-22  -1.49805e-22 0.00000e+00 
1.04441e-04 1.50196e-22  -1.50196e-22 0.00000e+00 
1.04577e-04 1.50587e-22  -1.50587e-22 0.00000e+00 
1.04714e-04 1.50979e-22  -1.50979e-22 0.00000e+00 
1.04850e-04 1.51371e-22  -1.51371e-22 0.00000e+00 
1.04986e-04 1.51765e-22  -1.51764e-22 0.00000e+00 
1.05122e-04 1.52158e-22  -1.52158e-22 0.00000e+00 
1.05258e-04 1.52553e-22  -1.52552e-22 0.00000e+00 
1.05394e-04 1.52947e-22  -1.52947e-22 0.00000e+00 
1.05531e-04 1.53341e-22  -1.53341e-22 0.00000e+00 
1.05667e-04 1.53736e-22  -1.53736e-22 0.00000e+00 
1.05803e-04 1.54132e-22  -1.54132e-22 0.00000e+00 
1.05939e-04 1.54529e-22  -1.54529e-22 0.00000e+00 
1.06075e-04 1.54926e-22  -1.54926e-22 0.00000e+00 
1.06211e-04 1.55325e-22  -1.55324e-22 0.00000e+00 
1.06348e-04 1.55723e-22  -1.55723e-22 0.00000e+00 
1.06484e-04 1.56122e-22  -1.56121e-22 0.00000e+00 
1.06620e-04 1.56521e-22  -1.56520e-22 0.00000e+00 
1.06756e-04 1.56920e-22  -1.56920e-22 0.00000e+00 
1.06892e-04 1.57320e-22  -1.57320e-22 0.00000e+00 
1.07028e-04 1.57720e-22  -1.57720e-22 0.00000e+00 
1.07165e-04 1.58121e-22  -1.58121e-22 0.00000e+00 
1.07301e-04 1.58523e-22  -1.58523e-22 0.00000e+00 
1.07437e-04 1.58925e-22  -1.58925e-22 0.00000e+00 
1.07573e-04 1.59328e-22  -1.59328e-22 0.00000e+00 
1.07709e-04 1.59731e-22  -1.59731e-22 0.00000e+00 
1.07845e-04 1.60135e-22  -1.60135e-22 0.00000e+00 
1.07982e-04 1.60539e-22  -1.60539e-22 0.00000e+00 
1.08118e-04 1.60944e-22  -1.60944e-22 0.00000e+00 
1.08254e-04 1.61349e-22  -1.61349e-22 0.00000e+00 
1.08390e-04 1.61755e-22  -1.61755e-22 0.00000e+00 
1.08526e-04 1.62161e-22  -1.62161e-22 0.00000e+00 
1.08662e-04 1.62568e-22  -1.62568e-22 0.00000e+00 
1.08799e-04 1.62975e-22  -1.62975e-22 0.00000e+00 
1.08935e-04 1.63383e-22  -1.63383e-22 0.00000e+00 
1.09071e-04 1.63792e-22  -1.63791e-22 0.00000e+00 
1.09207e-04 1.64200e-22  -1.64200e-22 0.00000e+00 
1.09343e-04 1.64610e-22  -1.64609e-22 0.00000e+00 
1.09479e-04 1.65019e-22  -1.65019e-22 0.00000e+00 
1.09616e-04 1.65430e-22  -1.65429e-22 0.00000e+00 
1.09752e-04 1.65840e-22  -1.65840e-22 0.00000e+00 
1.09888e-04 1.66251e-22  -1.66251e-22 0.00000e+00 
1.10024e-04 1.66663e-22  -1.66662e-22 0.00000e+00 
1.10160e-04 1.67074e-22  -1.67074e-22 0.00000e+00 
1.10297e-04 1.67486e-22  -1.67486e-22 0.00000e+00 
1.10433e-04 1.67899e-22  -1.67899e-22 0.00000e+00 
1.10569e-04 1.68313e-22  -1.68312e-22 0.00000e+00 
1.10705e-04 1.68727e-22  -1.68726e-22 0.00000e+00 
1.10841e-04 1.69142e-22  -1.69141e-22 0.00000e+00 
1.10977e-04 1.69557e-22  -1.69557e-22 0.00000e+00 
1.11114e-04 1.69973e-22  -1.69973e-22 0.00000e+00 
1.11250e-04 1.70389e-22  -1.70389e-22 0.00000e+00 
1.11386e-04 1.70806e-22  -1.70806e-22 0.00000e+00 
1.11522e-04 1.71224e-22  -1.71223e-22 0.00000e+00 
1.11658e-04 1.71641e-22  -1.71641e-22 0.00000e+00 
1.11794e-04 1.72059e-22  -1.72059e-22 0.00000e+00 
1.11931e-04 1.72478e-22  -1.72478e-22 0.00000e+00 
1.12067e-04 1.72898e-22  -1.72897e-22 0.00000e+00 
1.12203e-04 1.73318e-22  -1.73317e-22 0.00000e+00 
1.12339e-04 1.73738e-22  -1.73738e-22 0.00000e+00 
1.12475e-04 1.74159e-22  -1.74159e-22 0.00000e+00 
1.12611e-04 1.74581e-22  -1.74581e-22 0.00000e+00 
1.12748e-04 1.75004e-22  -1.75003e-22 0.00000e+00 
1.12884e-04 1.75427e-22  -1.75427e-22 0.00000e+00 
1.13020e-04 1.75851e-22  -1.75850e-22 0.00000e+00 
1.13156e-04 1.76275e-22  -1.76275e-22 0.00000e+00 
1.13292e-04 1.76700e-22  -1.76699e-22 0.00000e+00 
1.13428e-04 1.77124e-22  -1.77124e-22 0.00000e+00 
1.13565e-04 1.77550e-22  -1.77549e-22 0.00000e+00 
1.13701e-04 1.77975e-22  -1.77975e-22 0.00000e+00 
1.13837e-04 1.78401e-22  -1.78401e-22 0.00000e+00 
1.13973e-04 1.78828e-22  -1.78828e-22 0.00000e+00 
1.14109e-04 1.79255e-22  -1.79254e-22 0.00000e+00 
1.14245e-04 1.79682e-22  -1.79682e-22 0.00000e+00 
1.14382e-04 1.80110e-22  -1.80110e-22 0.00000e+00 
1.14518e-04 1.80539e-22  -1.80538e-22 0.00000e+00 
1.14654e-04 1.80968e-22  -1.80968e-22 0.00000e+00 
1.14790e-04 1.81397e-22  -1.81397e-22 0.00000e+00 
1.14926e-04 1.81827e-22  -1.81827e-22 0.00000e+00 
1.15062e-04 1.82257e-22  -1.82257e-22 0.00000e+00 
1.15199e-04 1.82687e-22  -1.82687e-22 0.00000e+00 
1.15335e-04 1.83118e-22  -1.83118e-22 0.00000e+00 
1.15471e-04 1.83549e-22  -1.83549e-22 0.00000e+00 
1.15607e-04 1.83981e-22  -1.83981e-22 0.00000e+00 
1.15743e-04 1.84414e-22  -1.84413e-22 0.00000e+00 
1.15879e-04 1.84847e-22  -1.84847e-22 0.00000e+00 
1.16016e-04 1.85281e-22  -1.85281e-22 0.00000e+00 
1.16152e-04 1.85716e-22  -1.85716e-22 0.00000e+00 
1.16288e-04 1.86151e-22  -1.86151e-22 0.00000e+00 
1.16424e-04 1.86587e-22  -1.86586e-22 0.00000e+00 
1.16560e-04 1.87022e-22  -1.87022e-22 0.00000e+00 
1.16696e-04 1.87459e-22  -1.87458e-22 0.00000e+00 
1.16833e-04 1.87896e-22  -1.87895e-22 0.00000e+00 
1.16969e-04 1.88333e-22  -1.88333e-22 0.00000e+00 
1.17105e-04 1.88771e-22  -1.88771e-22 0.00000e+00 
1.17241e-04 1.89209e-22  -1.89209e-22 0.00000e+00 
1.17377e-04 1.89648e-22  -1.89648e-22 0.00000e+00 
1.17513e-04 1.90088e-22  -1.90088e-22 0.00000e+00 
1.17650e-04 1.90528e-22  -1.90528e-22 0.00000e+00 
1.17786e-04 1.90969e-22  -1.90969e-22 0.00000e+00 
1.17922e-04 1.91410e-22  -1.91410e-22 0.00000e+00 
