4.05971e-07 1.05524e-07  6.13806e-18 -2.65710e-18 
8.11943e-07 8.82013e-07  -7.81356e-07 3.87270e-18 
1.21791e-06 1.90315e-06  -1.81851e-06 -4.03514e-18 
1.62389e-06 2.63198e-06  -2.56748e-06 3.83974e-18 
2.02985e-06 2.86349e-06  -2.82848e-06 -3.69554e-18 
2.43582e-06 2.47704e-06  -2.40607e-06 3.68105e-18 
2.84179e-06 1.85915e-06  -1.78227e-06 -3.92195e-18 
3.24776e-06 1.20418e-06  -1.14421e-06 4.67347e-18 
3.65373e-06 5.78900e-07  -5.14138e-07 -6.02697e-18 
4.05970e-06 3.52293e-07  -2.66831e-07 7.68468e-18 
4.46567e-06 7.52458e-07  -7.02863e-07 -9.13555e-18 
4.87164e-06 1.24260e-06  -1.19118e-06 1.00530e-17 
5.27761e-06 1.50209e-06  -1.44774e-06 -1.05260e-17 
5.68358e-06 1.46830e-06  -1.41414e-06 1.09120e-17 
6.08954e-06 1.32940e-06  -1.23917e-06 -1.14999e-17 
6.49551e-06 1.54080e-06  -1.48727e-06 1.23284e-17 
6.90148e-06 1.85806e-06  -1.81867e-06 -1.32309e-17 
7.30744e-06 2.01257e-06  -1.97872e-06 1.40072e-17 
7.71341e-06 1.84103e-06  -1.79544e-06 -1.45352e-17 
8.11938e-06 1.43395e-06  -1.34578e-06 1.48879e-17 
8.52534e-06 1.22496e-06  -1.15654e-06 -1.53087e-17 
8.93131e-06 1.16077e-06  -1.13422e-06 1.60604e-17 
9.33727e-06 9.47620e-07  -9.24071e-07 -1.71497e-17 
9.74324e-06 6.65651e-07  -6.06400e-07 1.83576e-17 
1.01492e-05 6.62708e-07  -5.96153e-07 -1.94735e-17 
1.05552e-05 9.67928e-07  -9.16798e-07 2.05189e-17 
1.09611e-05 1.39808e-06  -1.35986e-06 -2.15491e-17 
1.13671e-05 1.83954e-06  -1.79524e-06 2.24236e-17 
1.17731e-05 2.26810e-06  -2.21703e-06 -2.28679e-17 
1.21790e-05 2.46716e-06  -2.44293e-06 2.28690e-17 
1.25850e-05 2.02908e-06  -1.99010e-06 -2.28027e-17 
1.29910e-05 1.23487e-06  -1.16723e-06 2.31375e-17 
1.33969e-05 7.23873e-07  -6.65101e-07 -2.40106e-17 
1.38029e-05 6.29139e-07  -5.98996e-07 2.52763e-17 
1.42088e-05 6.18803e-07  -6.07716e-07 -2.66809e-17 
1.46148e-05 4.75551e-07  -4.38048e-07 2.81726e-17 
1.50208e-05 5.51978e-07  -4.85903e-07 -2.95557e-17 
1.54267e-05 1.20480e-06  -1.14711e-06 3.06584e-17 
1.58327e-05 2.16875e-06  -2.13525e-06 -3.10848e-17 
1.62387e-05 2.81392e-06  -2.79123e-06 3.10012e-17 
1.66446e-05 2.72275e-06  -2.69690e-06 -3.05960e-17 
1.70506e-05 1.94928e-06  -1.90394e-06 3.06073e-17 
1.74565e-05 1.00188e-06  -9.43245e-07 -3.11517e-17 
1.78625e-05 3.89828e-07  -3.48103e-07 3.25299e-17 
1.82685e-05 2.12993e-07  -1.84257e-07 -3.41627e-17 
1.86744e-05 3.88401e-07  -3.61859e-07 3.59520e-17 
1.90804e-05 7.90317e-07  -7.56856e-07 -3.71621e-17 
1.94863e-05 1.28104e-06  -1.24169e-06 3.80240e-17 
1.98923e-05 1.69753e-06  -1.66062e-06 -3.82247e-17 
2.02983e-05 1.91316e-06  -1.86751e-06 3.84857e-17 
2.07042e-05 2.00987e-06  -1.96762e-06 -3.85893e-17 
2.11102e-05 1.99389e-06  -1.97531e-06 3.92071e-17 
2.15161e-05 1.68044e-06  -1.66749e-06 -3.98237e-17 
2.19221e-05 1.12967e-06  -1.08918e-06 4.09520e-17 
2.23280e-05 7.89696e-07  -7.26829e-07 -4.18123e-17 
2.27340e-05 9.45023e-07  -9.00739e-07 4.28693e-17 
2.31400e-05 1.25937e-06  -1.24914e-06 -4.33661e-17 
2.35459e-05 1.19562e-06  -1.18537e-06 4.41800e-17 
2.39519e-05 7.73621e-07  -7.33297e-07 -4.48168e-17 
2.43578e-05 5.35150e-07  -4.84918e-07 4.62004e-17 
2.47638e-05 8.07516e-07  -7.69999e-07 -4.73084e-17 
2.51697e-05 1.44420e-06  -1.41696e-06 4.86470e-17 
2.55757e-05 2.09045e-06  -2.06876e-06 -4.90224e-17 
2.59817e-05 2.40946e-06  -2.38783e-06 4.94658e-17 
2.63876e-05 2.25095e-06  -2.22304e-06 -4.91191e-17 
2.67936e-05 1.71932e-06  -1.67963e-06 4.95305e-17 
2.71995e-05 1.09821e-06  -1.05394e-06 -4.95606e-17 
2.76055e-05 6.27258e-07  -5.95536e-07 5.08860e-17 
2.80114e-05 3.55207e-07  -3.38398e-07 -5.18320e-17 
2.84174e-05 2.64471e-07  -2.48298e-07 5.40344e-17 
2.88233e-05 4.06877e-07  -3.77900e-07 -5.51511e-17 
2.92293e-05 8.53100e-07  -8.08434e-07 5.69382e-17 
2.96352e-05 1.57341e-06  -1.52616e-06 -5.69795e-17 
3.00412e-05 2.32515e-06  -2.29823e-06 5.76927e-17 
3.04472e-05 2.67383e-06  -2.66774e-06 -5.69749e-17 
3.08531e-05 2.34355e-06  -2.33001e-06 5.75857e-17 
3.12591e-05 1.55843e-06  -1.51682e-06 -5.72730e-17 
3.16650e-05 8.65498e-07  -8.13398e-07 5.86602e-17 
3.20710e-05 5.69851e-07  -5.39958e-07 -5.91153e-17 
3.24769e-05 5.14282e-07  -5.03508e-07 6.11383e-17 
3.28829e-05 5.00810e-07  -4.82631e-07 -6.18686e-17 
3.32888e-05 5.99596e-07  -5.68355e-07 6.38707e-17 
3.36948e-05 9.21192e-07  -8.87718e-07 -6.41989e-17 
3.41007e-05 1.39459e-06  -1.36105e-06 6.56022e-17 
3.45067e-05 1.86504e-06  -1.83023e-06 -6.52422e-17 
3.49126e-05 2.19039e-06  -2.16500e-06 6.61511e-17 
3.53186e-05 2.19138e-06  -2.18024e-06 -6.56726e-17 
3.57245e-05 1.76462e-06  -1.74775e-06 6.68648e-17 
3.61305e-05 1.13102e-06  -1.09035e-06 -6.68811e-17 
3.65364e-05 7.21422e-07  -6.73381e-07 6.85564e-17 
3.69424e-05 7.08230e-07  -6.80777e-07 -6.88861e-17 
3.73483e-05 8.60596e-07  -8.52592e-07 7.06929e-17 
3.77543e-05 9.15529e-07  -9.02950e-07 -7.09875e-17 
3.81602e-05 8.87507e-07  -8.55648e-07 7.26405e-17 
3.85662e-05 9.68495e-07  -9.24815e-07 -7.27129e-17 
3.89721e-05 1.26058e-06  -1.22228e-06 7.41847e-17 
3.93781e-05 1.66121e-06  -1.63964e-06 -7.41635e-17 
3.97840e-05 1.94065e-06  -1.93161e-06 7.55918e-17 
4.01899e-05 1.92903e-06  -1.91305e-06 -7.54443e-17 
4.05959e-05 1.68078e-06  -1.64542e-06 7.66300e-17 
4.10018e-05 1.39413e-06  -1.35159e-06 -7.62372e-17 
4.14078e-05 1.15784e-06  -1.12689e-06 7.74193e-17 
4.18137e-05 9.05927e-07  -8.88011e-07 -7.73979e-17 
4.22197e-05 6.16911e-07  -6.02222e-07 7.92658e-17 
4.26256e-05 4.07299e-07  -3.88946e-07 -7.99480e-17 
4.30316e-05 4.33936e-07  -4.06333e-07 8.22063e-17 
4.34375e-05 8.07940e-07  -7.68363e-07 -8.27220e-17 
4.38435e-05 1.52220e-06  -1.48336e-06 8.42740e-17 
4.42494e-05 2.30689e-06  -2.28906e-06 -8.37820e-17 
4.46553e-05 2.66266e-06  -2.66095e-06 8.44474e-17 
4.50613e-05 2.29018e-06  -2.27398e-06 -8.35614e-17 
4.54672e-05 1.45107e-06  -1.40838e-06 8.45272e-17 
4.58732e-05 7.01717e-07  -6.57383e-07 -8.45158e-17 
4.62791e-05 3.39051e-07  -3.17234e-07 8.65886e-17 
4.66851e-05 2.88305e-07  -2.81074e-07 -8.74487e-17 
4.70910e-05 4.21613e-07  -4.07498e-07 8.98221e-17 
4.74970e-05 7.28296e-07  -7.00779e-07 -9.03040e-17 
4.79029e-05 1.19171e-06  -1.15718e-06 9.18423e-17 
4.83088e-05 1.70173e-06  -1.66816e-06 -9.14071e-17 
4.87148e-05 2.10032e-06  -2.07647e-06 9.23304e-17 
4.91207e-05 2.22080e-06  -2.20960e-06 -9.17370e-17 
4.95267e-05 1.96180e-06  -1.95095e-06 9.29107e-17 
4.99326e-05 1.42859e-06  -1.40282e-06 -9.27618e-17 
5.03385e-05 9.18975e-07  -8.80843e-07 9.43989e-17 
5.07445e-05 6.74214e-07  -6.40628e-07 -9.46037e-17 
5.11504e-05 6.85560e-07  -6.66876e-07 9.64664e-17 
5.15564e-05 7.73589e-07  -7.64873e-07 -9.67592e-17 
5.19623e-05 8.01018e-07  -7.88832e-07 9.86143e-17 
5.23682e-05 8.05802e-07  -7.78088e-07 -9.88080e-17 
5.27742e-05 9.73102e-07  -9.31659e-07 1.00496e-16 
5.31801e-05 1.42427e-06  -1.38930e-06 -1.00426e-16 
5.35861e-05 1.97871e-06  -1.96681e-06 1.01779e-16 
5.39920e-05 2.23753e-06  -2.23604e-06 -1.01350e-16 
5.43979e-05 2.00096e-06  -1.98246e-06 1.02459e-16 
5.48039e-05 1.48822e-06  -1.44870e-06 -1.02007e-16 
5.52098e-05 1.04939e-06  -1.01114e-06 1.03380e-16 
5.56158e-05 8.00352e-07  -7.78525e-07 -1.03394e-16 
5.60217e-05 6.53127e-07  -6.41231e-07 1.05309e-16 
5.64276e-05 5.52217e-07  -5.39274e-07 -1.05755e-16 
5.68336e-05 5.37995e-07  -5.18393e-07 1.07884e-16 
5.72395e-05 6.86560e-07  -6.55832e-07 -1.08250e-16 
5.76454e-05 1.07683e-06  -1.03842e-06 1.10036e-16 
5.80514e-05 1.68447e-06  -1.65553e-06 -1.09912e-16 
5.84573e-05 2.24453e-06  -2.23552e-06 1.10985e-16 
5.88632e-05 2.38722e-06  -2.38242e-06 -1.10516e-16 
5.92692e-05 2.00779e-06  -1.98435e-06 1.11127e-16 
5.96751e-05 1.38156e-06  -1.34111e-06 -1.11024e-16 
6.00810e-05 8.55357e-07  -8.19683e-07 1.11945e-16 
6.04870e-05 5.48660e-07  -5.30649e-07 -1.12848e-16 
6.08929e-05 3.98719e-07  -3.91349e-07 1.14314e-16 
6.12989e-05 3.66002e-07  -3.53919e-07 -1.15922e-16 
6.17048e-05 5.19107e-07  -4.91975e-07 1.17150e-16 
6.21107e-05 9.55880e-07  -9.17349e-07 -1.18478e-16 
6.25167e-05 1.63395e-06  -1.60136e-06 1.18632e-16 
6.29226e-05 2.26015e-06  -2.24619e-06 -1.19330e-16 
6.33285e-05 2.44490e-06  -2.43970e-06 1.18687e-16 
6.37345e-05 2.05636e-06  -2.03938e-06 -1.19578e-16 
6.41404e-05 1.36332e-06  -1.33033e-06 1.19162e-16 
6.45463e-05 7.75059e-07  -7.40044e-07 -1.21052e-16 
6.49522e-05 5.13691e-07  -4.88391e-07 1.21122e-16 
6.53582e-05 5.51451e-07  -5.36801e-07 -1.23676e-16 
6.57641e-05 7.29298e-07  -7.20174e-07 1.23515e-16 
6.61700e-05 8.89527e-07  -8.75131e-07 -1.26010e-16 
6.65760e-05 1.00831e-06  -9.77686e-07 1.25171e-16 
6.69819e-05 1.21917e-06  -1.17868e-06 -1.27551e-16 
6.73878e-05 1.59607e-06  -1.56877e-06 1.26253e-16 
6.77938e-05 1.94515e-06  -1.94017e-06 -1.28863e-16 
6.81997e-05 1.97474e-06  -1.97158e-06 1.27200e-16 
6.86056e-05 1.65872e-06  -1.63510e-06 -1.30145e-16 
6.90116e-05 1.26308e-06  -1.22407e-06 1.28109e-16 
6.94175e-05 1.01355e-06  -9.80187e-07 -1.31468e-16 
6.98234e-05 8.93349e-07  -8.75670e-07 1.29284e-16 
7.02293e-05 7.75122e-07  -7.67292e-07 -1.33380e-16 
7.06353e-05 6.20799e-07  -6.10935e-07 1.31268e-16 
7.10412e-05 5.39177e-07  -5.16550e-07 -1.36039e-16 
7.14471e-05 7.16664e-07  -6.80620e-07 1.33562e-16 
7.18531e-05 1.24212e-06  -1.20774e-06 -1.38329e-16 
7.22590e-05 1.92335e-06  -1.90648e-06 1.34821e-16 
7.26649e-05 2.35122e-06  -2.34707e-06 -1.39266e-16 
7.30708e-05 2.24480e-06  -2.23345e-06 1.34929e-16 
7.34768e-05 1.69867e-06  -1.67047e-06 -1.39738e-16 
7.38827e-05 1.05559e-06  -1.01968e-06 1.35462e-16 
7.42886e-05 6.07235e-07  -5.78076e-07 -1.41382e-16 
7.46945e-05 4.37820e-07  -4.22741e-07 1.37469e-16 
7.51005e-05 4.60853e-07  -4.55345e-07 -1.44281e-16 
7.55064e-05 5.66094e-07  -5.54408e-07 1.40083e-16 
7.59123e-05 7.72173e-07  -7.41663e-07 -1.46978e-16 
7.63182e-05 1.19614e-06  -1.15623e-06 1.41789e-16 
7.67242e-05 1.80313e-06  -1.77733e-06 -1.48395e-16 
7.71301e-05 2.27835e-06  -2.27262e-06 1.42243e-16 
7.75360e-05 2.29088e-06  -2.28543e-06 -1.48962e-16 
7.79419e-05 1.84055e-06  -1.81808e-06 1.42463e-16 
7.83479e-05 1.23008e-06  -1.19574e-06 -1.49951e-16 
7.87538e-05 7.53966e-07  -7.22623e-07 1.43614e-16 
7.91597e-05 5.18819e-07  -4.98171e-07 -1.52123e-16 
7.95656e-05 4.85653e-07  -4.75343e-07 1.45862e-16 
7.99716e-05 5.61951e-07  -5.54300e-07 -1.54996e-16 
8.03775e-05 6.98784e-07  -6.79710e-07 1.48192e-16 
8.07834e-05 9.65255e-07  -9.29453e-07 -1.57312e-16 
8.11893e-05 1.44238e-06  -1.40593e-06 1.49492e-16 
8.15952e-05 1.99364e-06  -1.97624e-06 -1.58468e-16 
8.20012e-05 2.27456e-06  -2.27229e-06 1.49867e-16 
8.24071e-05 2.06730e-06  -2.05806e-06 -1.59214e-16 
8.28130e-05 1.51928e-06  -1.49159e-06 1.50416e-16 
8.32189e-05 9.84857e-07  -9.48104e-07 -1.60599e-16 
8.36248e-05 7.05052e-07  -6.75117e-07 1.51812e-16 
8.40308e-05 6.70566e-07  -6.55709e-07 -1.62790e-16 
8.44367e-05 7.11810e-07  -7.07308e-07 1.53791e-16 
8.48426e-05 6.95814e-07  -6.85543e-07 -1.65284e-16 
8.52485e-05 6.89328e-07  -6.60546e-07 1.55791e-16 
8.56544e-05 9.02922e-07  -8.63910e-07 -1.67551e-16 
8.60604e-05 1.40819e-06  -1.38070e-06 1.57317e-16 
8.64663e-05 1.96711e-06  -1.95845e-06 -1.69123e-16 
8.68722e-05 2.23197e-06  -2.22693e-06 1.58003e-16 
8.72781e-05 2.06824e-06  -2.05067e-06 -1.69910e-16 
8.76840e-05 1.61542e-06  -1.58497e-06 1.58225e-16 
8.80900e-05 1.10854e-06  -1.07538e-06 -1.70821e-16 
8.84959e-05 7.18928e-07  -6.94062e-07 1.59247e-16 
8.89018e-05 4.97215e-07  -4.86452e-07 -1.73043e-16 
8.93077e-05 3.99936e-07  -3.95676e-07 1.61657e-16 
8.97136e-05 4.17573e-07  -4.01294e-07 -1.76207e-16 
9.01195e-05 6.69661e-07  -6.34501e-07 1.64149e-16 
9.05255e-05 1.25044e-06  -1.21413e-06 -1.78519e-16 
9.09314e-05 1.96899e-06  -1.95158e-06 1.65141e-16 
9.13373e-05 2.40104e-06  -2.39809e-06 -1.79253e-16 
9.17432e-05 2.27183e-06  -2.26265e-06 1.65060e-16 
9.21491e-05 1.70130e-06  -1.67590e-06 -1.79800e-16 
9.25550e-05 1.05200e-06  -1.01810e-06 1.65684e-16 
9.29610e-05 6.26901e-07  -5.97707e-07 -1.81630e-16 
9.33669e-05 5.09168e-07  -4.93247e-07 1.67661e-16 
9.37728e-05 5.82813e-07  -5.77928e-07 -1.84424e-16 
9.41787e-05 6.86693e-07  -6.77971e-07 1.69950e-16 
9.45846e-05 8.03981e-07  -7.77630e-07 -1.86899e-16 
9.49905e-05 1.06842e-06  -1.03074e-06 1.71490e-16 
9.53964e-05 1.52841e-06  -1.50028e-06 -1.88492e-16 
9.58024e-05 1.97925e-06  -1.96970e-06 1.72249e-16 
9.62083e-05 2.12524e-06  -2.12172e-06 -1.89557e-16 
9.66142e-05 1.86914e-06  -1.85497e-06 1.72785e-16 
9.70201e-05 1.38207e-06  -1.35309e-06 -1.90721e-16 
9.74260e-05 9.37174e-07  -9.02148e-07 1.73718e-16 
9.78319e-05 7.10495e-07  -6.83860e-07 -1.92535e-16 
9.82378e-05 6.79425e-07  -6.69908e-07 1.75425e-16 
9.86437e-05 6.88394e-07  -6.86777e-07 -1.95064e-16 
9.90496e-05 6.68404e-07  -6.53631e-07 1.77559e-16 
9.94556e-05 7.66223e-07  -7.31529e-07 -1.97573e-16 
9.98615e-05 1.15382e-06  -1.11727e-06 1.79181e-16 
1.00267e-04 1.73238e-06  -1.71319e-06 -1.99217e-16 
1.00673e-04 2.15437e-06  -2.14942e-06 1.79837e-16 
1.01079e-04 2.15147e-06  -2.14355e-06 -2.00106e-16 
1.01485e-04 1.75464e-06  -1.73353e-06 1.80180e-16 
1.01891e-04 1.21370e-06  -1.18193e-06 -2.01223e-16 
1.02297e-04 7.92018e-07  -7.60025e-07 1.81407e-16 
1.02703e-04 6.08378e-07  -5.88467e-07 -2.02897e-16 
1.03109e-04 5.88185e-07  -5.82764e-07 1.83771e-16 
1.03515e-04 5.91156e-07  -5.85059e-07 -2.05257e-16 
1.03921e-04 6.30724e-07  -6.06817e-07 1.86384e-16 
1.04326e-04 8.86890e-07  -8.49503e-07 -2.07345e-16 
1.04732e-04 1.43282e-06  -1.40308e-06 1.88250e-16 
1.05138e-04 2.03742e-06  -2.02580e-06 -2.08369e-16 
1.05544e-04 2.33398e-06  -2.32973e-06 1.89012e-16 
1.05950e-04 2.14322e-06  -2.13019e-06 -2.08581e-16 
1.06356e-04 1.59186e-06  -1.56436e-06 1.89552e-16 
1.06762e-04 9.81289e-07  -9.46508e-07 -2.09294e-16 
1.07168e-04 5.72421e-07  -5.45062e-07 1.91223e-16 
1.07574e-04 4.28669e-07  -4.18403e-07 -2.11423e-16 
1.07980e-04 4.38163e-07  -4.36178e-07 1.94117e-16 
1.08386e-04 5.20696e-07  -5.06398e-07 -2.14139e-16 
1.08791e-04 7.63907e-07  -7.30591e-07 1.96746e-16 
1.09197e-04 1.26545e-06  -1.22957e-06 -2.15830e-16 
1.09603e-04 1.88737e-06  -1.86687e-06 1.97969e-16 
1.10009e-04 2.29261e-06  -2.28643e-06 -2.16231e-16 
1.10415e-04 2.23509e-06  -2.22885e-06 1.98448e-16 
1.10821e-04 1.75740e-06  -1.73940e-06 -2.16619e-16 
1.11227e-04 1.13855e-06  -1.10725e-06 1.99563e-16 
1.11633e-04 6.97016e-07  -6.62573e-07 -2.18001e-16 
1.12039e-04 5.75982e-07  -5.54555e-07 2.01685e-16 
1.12445e-04 6.51124e-07  -6.47202e-07 -2.20129e-16 
1.12850e-04 7.00308e-07  -6.96943e-07 2.04176e-16 
1.13256e-04 6.95848e-07  -6.73793e-07 -2.22254e-16 
1.13662e-04 8.39190e-07  -8.02191e-07 2.06368e-16 
1.14068e-04 1.26542e-06  -1.23448e-06 -2.23855e-16 
1.14474e-04 1.81627e-06  -1.80269e-06 2.07876e-16 
1.14880e-04 2.16823e-06  -2.16379e-06 -2.24692e-16 
1.15286e-04 2.11783e-06  -2.10773e-06 2.08694e-16 
1.15692e-04 1.71489e-06  -1.69101e-06 -2.25113e-16 
1.16098e-04 1.19417e-06  -1.16022e-06 2.09568e-16 
1.16504e-04 7.98605e-07  -7.69097e-07 -2.26253e-16 
1.16909e-04 6.04682e-07  -5.92100e-07 2.11379e-16 
1.17315e-04 5.16845e-07  -5.14854e-07 -2.28571e-16 
1.17721e-04 4.72115e-07  -4.60404e-07 2.14094e-16 
1.18127e-04 5.86860e-07  -5.56751e-07 -2.31176e-16 
1.18533e-04 1.00418e-06  -9.69220e-07 2.16350e-16 
1.18939e-04 1.63635e-06  -1.61376e-06 -2.32719e-16 
1.19345e-04 2.16244e-06  -2.15408e-06 2.17305e-16 
1.19751e-04 2.28238e-06  -2.27679e-06 -2.33163e-16 
1.20157e-04 1.94042e-06  -1.92480e-06 2.17722e-16 
1.20563e-04 1.35080e-06  -1.32062e-06 -2.33774e-16 
1.20968e-04 8.42704e-07  -8.07752e-07 2.18914e-16 
1.21374e-04 6.13844e-07  -5.91952e-07 -2.35489e-16 
1.21780e-04 5.93544e-07  -5.89636e-07 2.21193e-16 
1.22186e-04 5.98593e-07  -5.95255e-07 -2.37969e-16 
1.22592e-04 6.15533e-07  -5.93982e-07 2.23726e-16 
1.22998e-04 8.21181e-07  -7.85188e-07 -2.40150e-16 
1.23404e-04 1.30492e-06  -1.27392e-06 2.25506e-16 
1.23810e-04 1.88103e-06  -1.86599e-06 -2.41328e-16 
1.24216e-04 2.22210e-06  -2.21723e-06 2.26305e-16 
1.24622e-04 2.12207e-06  -2.11399e-06 -2.41824e-16 
1.25027e-04 1.63740e-06  -1.61555e-06 2.26931e-16 
1.25433e-04 1.04691e-06  -1.01221e-06 -2.42730e-16 
1.25839e-04 6.55984e-07  -6.23916e-07 2.28445e-16 
1.26245e-04 5.59908e-07  -5.46023e-07 -2.44729e-16 
1.26651e-04 6.11113e-07  -6.10360e-07 2.30910e-16 
1.27057e-04 6.62651e-07  -6.53522e-07 -2.47225e-16 
1.27463e-04 7.74255e-07  -7.45888e-07 2.33262e-16 
1.27869e-04 1.09446e-06  -1.05870e-06 -2.49058e-16 
1.28275e-04 1.59851e-06  -1.57303e-06 2.34641e-16 
1.28680e-04 2.04103e-06  -2.03061e-06 -2.49928e-16 
1.29086e-04 2.15446e-06  -2.15002e-06 2.35354e-16 
1.29492e-04 1.85988e-06  -1.84741e-06 -2.50584e-16 
1.29898e-04 1.33028e-06  -1.30209e-06 2.36306e-16 
1.30304e-04 8.70432e-07  -8.34795e-07 -2.51818e-16 
1.30710e-04 6.70264e-07  -6.45956e-07 2.38012e-16 
1.31116e-04 6.55942e-07  -6.49892e-07 -2.53815e-16 
1.31522e-04 6.41702e-07  -6.38494e-07 2.40345e-16 
1.31928e-04 6.11959e-07  -5.93208e-07 -2.56173e-16 
1.32334e-04 7.51679e-07  -7.18508e-07 2.42664e-16 
1.32739e-04 1.18700e-06  -1.15560e-06 -2.58082e-16 
1.33145e-04 1.78479e-06  -1.76679e-06 2.44143e-16 
1.33551e-04 2.22957e-06  -2.22312e-06 -2.58938e-16 
1.33957e-04 2.25492e-06  -2.24831e-06 2.44660e-16 
1.34363e-04 1.83311e-06  -1.81340e-06 -2.59262e-16 
1.34769e-04 1.20761e-06  -1.17344e-06 2.45257e-16 
1.35175e-04 7.10650e-07  -6.77937e-07 -2.60501e-16 
1.35581e-04 4.89768e-07  -4.75304e-07 2.47170e-16 
1.35987e-04 4.46011e-07  -4.45185e-07 -2.63083e-16 
1.36392e-04 4.64713e-07  -4.56298e-07 2.49978e-16 
1.36798e-04 6.09834e-07  -5.82770e-07 -2.65789e-16 
1.37204e-04 1.00924e-06  -9.73971e-07 2.52103e-16 
1.37610e-04 1.61352e-06  -1.58698e-06 -2.67259e-16 
1.38016e-04 2.15436e-06  -2.14306e-06 2.52872e-16 
1.38422e-04 2.33003e-06  -2.32679e-06 -2.67700e-16 
1.38828e-04 2.02662e-06  -2.01650e-06 2.53232e-16 
1.39234e-04 1.41834e-06  -1.39118e-06 -2.68412e-16 
1.39640e-04 8.57742e-07  -8.21117e-07 2.54388e-16 
1.40045e-04 5.92873e-07  -5.66853e-07 -2.70167e-16 
1.40451e-04 5.76651e-07  -5.69902e-07 2.56539e-16 
1.40857e-04 6.04986e-07  -6.03282e-07 -2.72638e-16 
1.41263e-04 6.12780e-07  -5.97201e-07 2.58989e-16 
1.41669e-04 7.42511e-07  -7.11322e-07 -2.74950e-16 
1.42075e-04 1.12707e-06  -1.09413e-06 2.60866e-16 
1.42481e-04 1.68571e-06  -1.66444e-06 -2.76398e-16 
1.42887e-04 2.14399e-06  -2.13664e-06 2.61780e-16 
1.43292e-04 2.22510e-06  -2.22101e-06 -2.77027e-16 
1.43698e-04 1.86494e-06  -1.84838e-06 2.62258e-16 
1.44104e-04 1.28731e-06  -1.25431e-06 -2.77763e-16 
1.44510e-04 8.23689e-07  -7.89933e-07 2.63391e-16 
