2.72331e-05 1.06151e+02  2.27826e-09 0.00000e+00 
5.44663e-05 1.44235e+03  -1.13909e+03 0.00000e+00 
8.16994e-05 6.27266e+03  -5.70285e+03 0.00000e+00 
1.08932e-04 1.75504e+04  -1.66809e+04 0.00000e+00 
1.36165e-04 3.84215e+04  -3.72547e+04 0.00000e+00 
1.63398e-04 7.17376e+04  -7.03056e+04 0.00000e+00 
1.90630e-04 1.19660e+05  -1.18015e+05 0.00000e+00 
2.17862e-04 1.83411e+05  -1.81616e+05 0.00000e+00 
2.45092e-04 2.63209e+05  -2.61322e+05 0.00000e+00 
2.72322e-04 3.58378e+05  -3.56445e+05 0.00000e+00 
2.99551e-04 4.67625e+05  -4.65671e+05 0.00000e+00 
3.26779e-04 5.89437e+05  -5.87461e+05 0.00000e+00 
3.54005e-04 7.22528e+05  -7.20503e+05 0.00000e+00 
3.81230e-04 8.66289e+05  -8.64166e+05 0.00000e+00 
4.08453e-04 1.02117e+06  -1.01888e+06 0.00000e+00 
4.35674e-04 1.18894e+06  -1.18642e+06 0.00000e+00 
4.62894e-04 1.37285e+06  -1.37002e+06 0.00000e+00 
4.90113e-04 1.57757e+06  -1.57436e+06 0.00000e+00 
5.17329e-04 1.80906e+06  -1.80543e+06 0.00000e+00 
5.44545e-04 2.07431e+06  -2.07023e+06 0.00000e+00 
5.71758e-04 2.38103e+06  -2.37647e+06 0.00000e+00 
5.98971e-04 2.73728e+06  -2.73224e+06 0.00000e+00 
6.26182e-04 3.15120e+06  -3.14570e+06 0.00000e+00 
6.53391e-04 3.63080e+06  -3.62484e+06 0.00000e+00 
6.80600e-04 4.18377e+06  -4.17736e+06 0.00000e+00 
7.07808e-04 4.81751e+06  -4.81064e+06 0.00000e+00 
7.35015e-04 5.53913e+06  -5.53180e+06 0.00000e+00 
7.62222e-04 6.35566e+06  -6.34782e+06 0.00000e+00 
7.89428e-04 7.27414e+06  -7.26575e+06 0.00000e+00 
8.16633e-04 8.30185e+06  -8.29286e+06 0.00000e+00 
8.43838e-04 9.44646e+06  -9.43679e+06 0.00000e+00 
8.71043e-04 1.07161e+07  -1.07056e+07 0.00000e+00 
8.98247e-04 1.21192e+07  -1.21080e+07 0.00000e+00 
9.25452e-04 1.36648e+07  -1.36527e+07 0.00000e+00 
9.52656e-04 1.53620e+07  -1.53491e+07 0.00000e+00 
9.79859e-04 1.72200e+07  -1.72062e+07 0.00000e+00 
1.00706e-03 1.92478e+07  -1.92330e+07 0.00000e+00 
1.03426e-03 2.14539e+07  -2.14382e+07 0.00000e+00 
1.06147e-03 2.38462e+07  -2.38298e+07 0.00000e+00 
1.08867e-03 2.64323e+07  -2.64150e+07 0.00000e+00 
1.11587e-03 2.92186e+07  -2.92006e+07 0.00000e+00 
1.14307e-03 3.22114e+07  -3.21926e+07 0.00000e+00 
1.17027e-03 3.54164e+07  -3.53969e+07 0.00000e+00 
1.19747e-03 3.88391e+07  -3.88189e+07 0.00000e+00 
1.22466e-03 4.24854e+07  -4.24646e+07 0.00000e+00 
1.25186e-03 4.63617e+07  -4.63402e+07 0.00000e+00 
1.27905e-03 5.04751e+07  -5.04529e+07 0.00000e+00 
1.30625e-03 5.48338e+07  -5.48108e+07 0.00000e+00 
1.33344e-03 5.94473e+07  -5.94235e+07 0.00000e+00 
1.36063e-03 6.43263e+07  -6.43016e+07 0.00000e+00 
1.38782e-03 6.94830e+07  -6.94574e+07 0.00000e+00 
1.41500e-03 7.49310e+07  -7.49045e+07 0.00000e+00 
1.44219e-03 8.06849e+07  -8.06574e+07 0.00000e+00 
1.46938e-03 8.67603e+07  -8.67318e+07 0.00000e+00 
1.49656e-03 9.31738e+07  -9.31442e+07 0.00000e+00 
1.52374e-03 9.99425e+07  -9.99118e+07 0.00000e+00 
1.55092e-03 1.07084e+08  -1.07052e+08 0.00000e+00 
1.57811e-03 1.14616e+08  -1.14583e+08 0.00000e+00 
1.60529e-03 1.22556e+08  -1.22521e+08 0.00000e+00 
1.63246e-03 1.30922e+08  -1.30886e+08 0.00000e+00 
1.65964e-03 1.39732e+08  -1.39695e+08 0.00000e+00 
1.68682e-03 1.49003e+08  -1.48965e+08 0.00000e+00 
1.71400e-03 1.58753e+08  -1.58713e+08 0.00000e+00 
1.74118e-03 1.68998e+08  -1.68958e+08 0.00000e+00 
1.76835e-03 1.79756e+08  -1.79714e+08 0.00000e+00 
1.79553e-03 1.91043e+08  -1.90999e+08 0.00000e+00 
1.82270e-03 2.02873e+08  -2.02828e+08 0.00000e+00 
1.84988e-03 2.15263e+08  -2.15216e+08 0.00000e+00 
1.87705e-03 2.28226e+08  -2.28178e+08 0.00000e+00 
1.90423e-03 2.41776e+08  -2.41726e+08 0.00000e+00 
1.93140e-03 2.55926e+08  -2.55875e+08 0.00000e+00 
1.95857e-03 2.70688e+08  -2.70635e+08 0.00000e+00 
1.98574e-03 2.86074e+08  -2.86020e+08 0.00000e+00 
2.01291e-03 3.02095e+08  -3.02039e+08 0.00000e+00 
2.04008e-03 3.18762e+08  -3.18706e+08 0.00000e+00 
2.06725e-03 3.36088e+08  -3.36030e+08 0.00000e+00 
2.09442e-03 3.54083e+08  -3.54024e+08 0.00000e+00 
2.12159e-03 3.72761e+08  -3.72700e+08 0.00000e+00 
2.14875e-03 3.92135e+08  -3.92072e+08 0.00000e+00 
2.17592e-03 4.12219e+08  -4.12155e+08 0.00000e+00 
2.20308e-03 4.33030e+08  -4.32966e+08 0.00000e+00 
2.23024e-03 4.54587e+08  -4.54520e+08 0.00000e+00 
2.25740e-03 4.76907e+08  -4.76839e+08 0.00000e+00 
2.28456e-03 5.00012e+08  -4.99943e+08 0.00000e+00 
2.31172e-03 5.23925e+08  -5.23855e+08 0.00000e+00 
2.33888e-03 5.48670e+08  -5.48597e+08 0.00000e+00 
2.36604e-03 5.74270e+08  -5.74196e+08 0.00000e+00 
2.39319e-03 6.00753e+08  -6.00678e+08 0.00000e+00 
2.42035e-03 6.28145e+08  -6.28068e+08 0.00000e+00 
2.44750e-03 6.56473e+08  -6.56394e+08 0.00000e+00 
2.47465e-03 6.85764e+08  -6.85683e+08 0.00000e+00 
2.50180e-03 7.16045e+08  -7.15962e+08 0.00000e+00 
2.52895e-03 7.47345e+08  -7.47260e+08 0.00000e+00 
2.55610e-03 7.79688e+08  -7.79601e+08 0.00000e+00 
2.58325e-03 8.13102e+08  -8.13013e+08 0.00000e+00 
2.61040e-03 8.47611e+08  -8.47520e+08 0.00000e+00 
2.63755e-03 8.83240e+08  -8.83147e+08 0.00000e+00 
2.66470e-03 9.20013e+08  -9.19918e+08 0.00000e+00 
2.69185e-03 9.57951e+08  -9.57854e+08 0.00000e+00 
2.71899e-03 9.97075e+08  -9.96976e+08 0.00000e+00 
2.74614e-03 1.03741e+09  -1.03731e+09 0.00000e+00 
2.77328e-03 1.07897e+09  -1.07886e+09 0.00000e+00 
2.80043e-03 1.12177e+09  -1.12166e+09 0.00000e+00 
2.82757e-03 1.16583e+09  -1.16573e+09 0.00000e+00 
2.85471e-03 1.21118e+09  -1.21107e+09 0.00000e+00 
2.88186e-03 1.25782e+09  -1.25771e+09 0.00000e+00 
2.90900e-03 1.30578e+09  -1.30566e+09 0.00000e+00 
2.93614e-03 1.35506e+09  -1.35495e+09 0.00000e+00 
2.96328e-03 1.40570e+09  -1.40558e+09 0.00000e+00 
2.99041e-03 1.45770e+09  -1.45758e+09 0.00000e+00 
3.01755e-03 1.51109e+09  -1.51097e+09 0.00000e+00 
3.04469e-03 1.56589e+09  -1.56576e+09 0.00000e+00 
3.07182e-03 1.62212e+09  -1.62199e+09 0.00000e+00 
3.09896e-03 1.67980e+09  -1.67968e+09 0.00000e+00 
3.12609e-03 1.73897e+09  -1.73884e+09 0.00000e+00 
3.15322e-03 1.79965e+09  -1.79952e+09 0.00000e+00 
3.18035e-03 1.86187e+09  -1.86174e+09 0.00000e+00 
3.20748e-03 1.92566e+09  -1.92553e+09 0.00000e+00 
3.23461e-03 1.99106e+09  -1.99092e+09 0.00000e+00 
3.26174e-03 2.05809e+09  -2.05795e+09 0.00000e+00 
3.28887e-03 2.12680e+09  -2.12666e+09 0.00000e+00 
3.31599e-03 2.19721e+09  -2.19707e+09 0.00000e+00 
3.34312e-03 2.26937e+09  -2.26922e+09 0.00000e+00 
3.37024e-03 2.34330e+09  -2.34315e+09 0.00000e+00 
3.39737e-03 2.41905e+09  -2.41890e+09 0.00000e+00 
3.42449e-03 2.49665e+09  -2.49649e+09 0.00000e+00 
3.45161e-03 2.57613e+09  -2.57597e+09 0.00000e+00 
3.47873e-03 2.65752e+09  -2.65736e+09 0.00000e+00 
3.50585e-03 2.74086e+09  -2.74070e+09 0.00000e+00 
3.53297e-03 2.82618e+09  -2.82601e+09 0.00000e+00 
3.56009e-03 2.91350e+09  -2.91333e+09 0.00000e+00 
3.58721e-03 3.00286e+09  -3.00269e+09 0.00000e+00 
3.61433e-03 3.09428e+09  -3.09410e+09 0.00000e+00 
3.64144e-03 3.18778e+09  -3.18761e+09 0.00000e+00 
3.66856e-03 3.28340e+09  -3.28322e+09 0.00000e+00 
3.69567e-03 3.38115e+09  -3.38097e+09 0.00000e+00 
3.72279e-03 3.48106e+09  -3.48088e+09 0.00000e+00 
3.74990e-03 3.58315e+09  -3.58296e+09 0.00000e+00 
3.77701e-03 3.68745e+09  -3.68726e+09 0.00000e+00 
3.80413e-03 3.79397e+09  -3.79378e+09 0.00000e+00 
3.83124e-03 3.90275e+09  -3.90256e+09 0.00000e+00 
3.85835e-03 4.01381e+09  -4.01361e+09 0.00000e+00 
3.88546e-03 4.12717e+09  -4.12697e+09 0.00000e+00 
3.91256e-03 4.24286e+09  -4.24266e+09 0.00000e+00 
3.93967e-03 4.36092e+09  -4.36071e+09 0.00000e+00 
3.96678e-03 4.48137e+09  -4.48116e+09 0.00000e+00 
3.99388e-03 4.60424e+09  -4.60403e+09 0.00000e+00 
4.02099e-03 4.72958e+09  -4.72937e+09 0.00000e+00 
4.04809e-03 4.85741e+09  -4.85719e+09 0.00000e+00 
4.07519e-03 4.98778e+09  -4.98756e+09 0.00000e+00 
4.10229e-03 5.12072e+09  -5.12050e+09 0.00000e+00 
4.12939e-03 5.25627e+09  -5.25605e+09 0.00000e+00 
4.15649e-03 5.39449e+09  -5.39426e+09 0.00000e+00 
4.18359e-03 5.53540e+09  -5.53517e+09 0.00000e+00 
4.21069e-03 5.67905e+09  -5.67882e+09 0.00000e+00 
4.23779e-03 5.82548e+09  -5.82525e+09 0.00000e+00 
4.26488e-03 5.97474e+09  -5.97450e+09 0.00000e+00 
4.29198e-03 6.12687e+09  -6.12662e+09 0.00000e+00 
4.31907e-03 6.28190e+09  -6.28165e+09 0.00000e+00 
4.34616e-03 6.43988e+09  -6.43963e+09 0.00000e+00 
4.37326e-03 6.60084e+09  -6.60059e+09 0.00000e+00 
4.40035e-03 6.76483e+09  -6.76457e+09 0.00000e+00 
4.42744e-03 6.93187e+09  -6.93161e+09 0.00000e+00 
4.45453e-03 7.10201e+09  -7.10175e+09 0.00000e+00 
4.48162e-03 7.27528e+09  -7.27501e+09 0.00000e+00 
4.50871e-03 7.45170e+09  -7.45144e+09 0.00000e+00 
4.53580e-03 7.63132e+09  -7.63105e+09 0.00000e+00 
4.56288e-03 7.81416e+09  -7.81389e+09 0.00000e+00 
4.58997e-03 8.00025e+09  -7.99997e+09 0.00000e+00 
4.61705e-03 8.18962e+09  -8.18934e+09 0.00000e+00 
4.64414e-03 8.38231e+09  -8.38203e+09 0.00000e+00 
4.67122e-03 8.57834e+09  -8.57805e+09 0.00000e+00 
4.69831e-03 8.77774e+09  -8.77745e+09 0.00000e+00 
4.72539e-03 8.98055e+09  -8.98026e+09 0.00000e+00 
4.75247e-03 9.18679e+09  -9.18650e+09 0.00000e+00 
4.77955e-03 9.39651e+09  -9.39622e+09 0.00000e+00 
4.80663e-03 9.60974e+09  -9.60944e+09 0.00000e+00 
4.83371e-03 9.82652e+09  -9.82621e+09 0.00000e+00 
4.86078e-03 1.00469e+10  -1.00466e+10 0.00000e+00 
4.88786e-03 1.02709e+10  -1.02706e+10 0.00000e+00 
4.91494e-03 1.04985e+10  -1.04982e+10 0.00000e+00 
4.94201e-03 1.07299e+10  -1.07296e+10 0.00000e+00 
4.96908e-03 1.09650e+10  -1.09647e+10 0.00000e+00 
4.99616e-03 1.12040e+10  -1.12036e+10 0.00000e+00 
5.02323e-03 1.14467e+10  -1.14464e+10 0.00000e+00 
5.05030e-03 1.16934e+10  -1.16931e+10 0.00000e+00 
5.07737e-03 1.19441e+10  -1.19437e+10 0.00000e+00 
5.10444e-03 1.21987e+10  -1.21984e+10 0.00000e+00 
5.13151e-03 1.24574e+10  -1.24570e+10 0.00000e+00 
5.15857e-03 1.27202e+10  -1.27198e+10 0.00000e+00 
5.18564e-03 1.29871e+10  -1.29867e+10 0.00000e+00 
5.21271e-03 1.32582e+10  -1.32578e+10 0.00000e+00 
5.23977e-03 1.35335e+10  -1.35331e+10 0.00000e+00 
5.26684e-03 1.38131e+10  -1.38127e+10 0.00000e+00 
5.29390e-03 1.40970e+10  -1.40967e+10 0.00000e+00 
5.32096e-03 1.43853e+10  -1.43849e+10 0.00000e+00 
5.34802e-03 1.46780e+10  -1.46776e+10 0.00000e+00 
5.37508e-03 1.49751e+10  -1.49747e+10 0.00000e+00 
5.40214e-03 1.52767e+10  -1.52763e+10 0.00000e+00 
5.42920e-03 1.55828e+10  -1.55824e+10 0.00000e+00 
5.45626e-03 1.58935e+10  -1.58931e+10 0.00000e+00 
5.48332e-03 1.62087e+10  -1.62083e+10 0.00000e+00 
5.51038e-03 1.65286e+10  -1.65282e+10 0.00000e+00 
5.53743e-03 1.68531e+10  -1.68527e+10 0.00000e+00 
5.56449e-03 1.71824e+10  -1.71820e+10 0.00000e+00 
5.59154e-03 1.75164e+10  -1.75160e+10 0.00000e+00 
5.61860e-03 1.78552e+10  -1.78547e+10 0.00000e+00 
5.64565e-03 1.81987e+10  -1.81983e+10 0.00000e+00 
5.67270e-03 1.85472e+10  -1.85468e+10 0.00000e+00 
5.69975e-03 1.89006e+10  -1.89001e+10 0.00000e+00 
5.72680e-03 1.92589e+10  -1.92585e+10 0.00000e+00 
5.75385e-03 1.96222e+10  -1.96218e+10 0.00000e+00 
5.78090e-03 1.99906e+10  -1.99901e+10 0.00000e+00 
5.80794e-03 2.03640e+10  -2.03636e+10 0.00000e+00 
5.83499e-03 2.07426e+10  -2.07422e+10 0.00000e+00 
5.86203e-03 2.11265e+10  -2.11260e+10 0.00000e+00 
5.88908e-03 2.15155e+10  -2.15151e+10 0.00000e+00 
5.91612e-03 2.19099e+10  -2.19095e+10 0.00000e+00 
5.94316e-03 2.23097e+10  -2.23092e+10 0.00000e+00 
5.97021e-03 2.27148e+10  -2.27143e+10 0.00000e+00 
5.99725e-03 2.31254e+10  -2.31250e+10 0.00000e+00 
6.02429e-03 2.35416e+10  -2.35411e+10 0.00000e+00 
6.05133e-03 2.39633e+10  -2.39628e+10 0.00000e+00 
6.07836e-03 2.43906e+10  -2.43902e+10 0.00000e+00 
6.10540e-03 2.48237e+10  -2.48232e+10 0.00000e+00 
6.13244e-03 2.52624e+10  -2.52619e+10 0.00000e+00 
6.15947e-03 2.57069e+10  -2.57065e+10 0.00000e+00 
6.18651e-03 2.61573e+10  -2.61568e+10 0.00000e+00 
6.21354e-03 2.66135e+10  -2.66130e+10 0.00000e+00 
6.24058e-03 2.70757e+10  -2.70752e+10 0.00000e+00 
6.26761e-03 2.75438e+10  -2.75433e+10 0.00000e+00 
6.29464e-03 2.80179e+10  -2.80174e+10 0.00000e+00 
6.32167e-03 2.84981e+10  -2.84975e+10 0.00000e+00 
6.34870e-03 2.89843e+10  -2.89838e+10 0.00000e+00 
6.37573e-03 2.94767e+10  -2.94762e+10 0.00000e+00 
6.40276e-03 2.99753e+10  -2.99748e+10 0.00000e+00 
6.42979e-03 3.04801e+10  -3.04796e+10 0.00000e+00 
6.45681e-03 3.09912e+10  -3.09907e+10 0.00000e+00 
6.48384e-03 3.15087e+10  -3.15081e+10 0.00000e+00 
6.51086e-03 3.20325e+10  -3.20319e+10 0.00000e+00 
6.53789e-03 3.25627e+10  -3.25621e+10 0.00000e+00 
6.56491e-03 3.30993e+10  -3.30988e+10 0.00000e+00 
6.59193e-03 3.36426e+10  -3.36420e+10 0.00000e+00 
6.61895e-03 3.41923e+10  -3.41918e+10 0.00000e+00 
6.64597e-03 3.47487e+10  -3.47482e+10 0.00000e+00 
6.67299e-03 3.53118e+10  -3.53112e+10 0.00000e+00 
6.70001e-03 3.58816e+10  -3.58811e+10 0.00000e+00 
6.72703e-03 3.64583e+10  -3.64577e+10 0.00000e+00 
6.75405e-03 3.70417e+10  -3.70412e+10 0.00000e+00 
6.78106e-03 3.76321e+10  -3.76315e+10 0.00000e+00 
6.80808e-03 3.82295e+10  -3.82289e+10 0.00000e+00 
6.83509e-03 3.88339e+10  -3.88333e+10 0.00000e+00 
6.86211e-03 3.94454e+10  -3.94448e+10 0.00000e+00 
6.88912e-03 4.00640e+10  -4.00634e+10 0.00000e+00 
6.91613e-03 4.06898e+10  -4.06892e+10 0.00000e+00 
6.94314e-03 4.13229e+10  -4.13223e+10 0.00000e+00 
6.97015e-03 4.19633e+10  -4.19627e+10 0.00000e+00 
6.99716e-03 4.26111e+10  -4.26105e+10 0.00000e+00 
7.02417e-03 4.32663e+10  -4.32657e+10 0.00000e+00 
7.05118e-03 4.39290e+10  -4.39284e+10 0.00000e+00 
7.07818e-03 4.45993e+10  -4.45986e+10 0.00000e+00 
7.10519e-03 4.52771e+10  -4.52765e+10 0.00000e+00 
7.13219e-03 4.59626e+10  -4.59619e+10 0.00000e+00 
7.15920e-03 4.66558e+10  -4.66551e+10 0.00000e+00 
7.18620e-03 4.73567e+10  -4.73560e+10 0.00000e+00 
7.21320e-03 4.80654e+10  -4.80647e+10 0.00000e+00 
7.24021e-03 4.87820e+10  -4.87813e+10 0.00000e+00 
7.26721e-03 4.95064e+10  -4.95057e+10 0.00000e+00 
7.29421e-03 5.02388e+10  -5.02382e+10 0.00000e+00 
7.32121e-03 5.09792e+10  -5.09786e+10 0.00000e+00 
7.34820e-03 5.17277e+10  -5.17270e+10 0.00000e+00 
7.37520e-03 5.24843e+10  -5.24836e+10 0.00000e+00 
7.40220e-03 5.32491e+10  -5.32484e+10 0.00000e+00 
7.42919e-03 5.40220e+10  -5.40213e+10 0.00000e+00 
7.45619e-03 5.48033e+10  -5.48026e+10 0.00000e+00 
7.48318e-03 5.55929e+10  -5.55922e+10 0.00000e+00 
7.51017e-03 5.63909e+10  -5.63902e+10 0.00000e+00 
7.53717e-03 5.71973e+10  -5.71966e+10 0.00000e+00 
7.56416e-03 5.80123e+10  -5.80116e+10 0.00000e+00 
7.59115e-03 5.88359e+10  -5.88351e+10 0.00000e+00 
7.61814e-03 5.96681e+10  -5.96673e+10 0.00000e+00 
7.64513e-03 6.05090e+10  -6.05082e+10 0.00000e+00 
7.67211e-03 6.13587e+10  -6.13579e+10 0.00000e+00 
7.69910e-03 6.22172e+10  -6.22164e+10 0.00000e+00 
7.72609e-03 6.30846e+10  -6.30838e+10 0.00000e+00 
7.75307e-03 6.39610e+10  -6.39602e+10 0.00000e+00 
7.78006e-03 6.48464e+10  -6.48456e+10 0.00000e+00 
7.80704e-03 6.57408e+10  -6.57401e+10 0.00000e+00 
7.83402e-03 6.66445e+10  -6.66437e+10 0.00000e+00 
7.86101e-03 6.75573e+10  -6.75566e+10 0.00000e+00 
7.88799e-03 6.84795e+10  -6.84787e+10 0.00000e+00 
7.91497e-03 6.94109e+10  -6.94101e+10 0.00000e+00 
7.94195e-03 7.03518e+10  -7.03510e+10 0.00000e+00 
7.96892e-03 7.13021e+10  -7.13013e+10 0.00000e+00 
7.99590e-03 7.22619e+10  -7.22611e+10 0.00000e+00 
8.02288e-03 7.32312e+10  -7.32304e+10 0.00000e+00 
8.04986e-03 7.42103e+10  -7.42094e+10 0.00000e+00 
8.07683e-03 7.51989e+10  -7.51981e+10 0.00000e+00 
8.10380e-03 7.61974e+10  -7.61965e+10 0.00000e+00 
8.13078e-03 7.72056e+10  -7.72048e+10 0.00000e+00 
8.15775e-03 7.82237e+10  -7.82228e+10 0.00000e+00 
8.18472e-03 7.92517e+10  -7.92508e+10 0.00000e+00 
8.21169e-03 8.02897e+10  -8.02888e+10 0.00000e+00 
8.23866e-03 8.13377e+10  -8.13368e+10 0.00000e+00 
8.26563e-03 8.23958e+10  -8.23949e+10 0.00000e+00 
8.29260e-03 8.34641e+10  -8.34632e+10 0.00000e+00 
8.31957e-03 8.45426e+10  -8.45417e+10 0.00000e+00 
8.34654e-03 8.56314e+10  -8.56305e+10 0.00000e+00 
8.37350e-03 8.67305e+10  -8.67297e+10 0.00000e+00 
8.40047e-03 8.78401e+10  -8.78392e+10 0.00000e+00 
8.42743e-03 8.89601e+10  -8.89593e+10 0.00000e+00 
8.45439e-03 9.00908e+10  -9.00899e+10 0.00000e+00 
8.48136e-03 9.12320e+10  -9.12311e+10 0.00000e+00 
8.50832e-03 9.23839e+10  -9.23830e+10 0.00000e+00 
8.53528e-03 9.35465e+10  -9.35456e+10 0.00000e+00 
8.56224e-03 9.47200e+10  -9.47191e+10 0.00000e+00 
8.58920e-03 9.59044e+10  -9.59035e+10 0.00000e+00 
8.61615e-03 9.70998e+10  -9.70988e+10 0.00000e+00 
8.64311e-03 9.83061e+10  -9.83052e+10 0.00000e+00 
8.67007e-03 9.95236e+10  -9.95226e+10 0.00000e+00 
8.69702e-03 1.00752e+11  -1.00751e+11 0.00000e+00 
8.72398e-03 1.01992e+11  -1.01991e+11 0.00000e+00 
8.75093e-03 1.03243e+11  -1.03242e+11 0.00000e+00 
8.77789e-03 1.04506e+11  -1.04505e+11 0.00000e+00 
8.80484e-03 1.05780e+11  -1.05779e+11 0.00000e+00 
8.83179e-03 1.07065e+11  -1.07064e+11 0.00000e+00 
8.85874e-03 1.08362e+11  -1.08361e+11 0.00000e+00 
8.88569e-03 1.09671e+11  -1.09670e+11 0.00000e+00 
8.91264e-03 1.10991e+11  -1.10990e+11 0.00000e+00 
8.93959e-03 1.12323e+11  -1.12322e+11 0.00000e+00 
8.96653e-03 1.13667e+11  -1.13666e+11 0.00000e+00 
8.99348e-03 1.15023e+11  -1.15022e+11 0.00000e+00 
9.02042e-03 1.16390e+11  -1.16389e+11 0.00000e+00 
9.04737e-03 1.17770e+11  -1.17769e+11 0.00000e+00 
9.07431e-03 1.19162e+11  -1.19161e+11 0.00000e+00 
9.10126e-03 1.20566e+11  -1.20565e+11 0.00000e+00 
9.12820e-03 1.21982e+11  -1.21981e+11 0.00000e+00 
9.15514e-03 1.23410e+11  -1.23409e+11 0.00000e+00 
9.18208e-03 1.24851e+11  -1.24850e+11 0.00000e+00 
9.20902e-03 1.26304e+11  -1.26303e+11 0.00000e+00 
9.23596e-03 1.27770e+11  -1.27769e+11 0.00000e+00 
9.26290e-03 1.29248e+11  -1.29247e+11 0.00000e+00 
9.28983e-03 1.30739e+11  -1.30738e+11 0.00000e+00 
9.31677e-03 1.32243e+11  -1.32242e+11 0.00000e+00 
9.34370e-03 1.33759e+11  -1.33758e+11 0.00000e+00 
9.37064e-03 1.35288e+11  -1.35287e+11 0.00000e+00 
9.39757e-03 1.36830e+11  -1.36829e+11 0.00000e+00 
9.42450e-03 1.38385e+11  -1.38384e+11 0.00000e+00 
9.45144e-03 1.39953e+11  -1.39952e+11 0.00000e+00 
9.47837e-03 1.41535e+11  -1.41534e+11 0.00000e+00 
9.50530e-03 1.43129e+11  -1.43128e+11 0.00000e+00 
9.53223e-03 1.44737e+11  -1.44736e+11 0.00000e+00 
9.55916e-03 1.46358e+11  -1.46357e+11 0.00000e+00 
9.58608e-03 1.47993e+11  -1.47991e+11 0.00000e+00 
9.61301e-03 1.49641e+11  -1.49640e+11 0.00000e+00 
9.63994e-03 1.51302e+11  -1.51301e+11 0.00000e+00 
9.66686e-03 1.52978e+11  -1.52976e+11 0.00000e+00 
9.69379e-03 1.54666e+11  -1.54665e+11 0.00000e+00 
9.72071e-03 1.56369e+11  -1.56368e+11 0.00000e+00 
9.74763e-03 1.58086e+11  -1.58085e+11 0.00000e+00 
9.77455e-03 1.59816e+11  -1.59815e+11 0.00000e+00 
9.80147e-03 1.61561e+11  -1.61560e+11 0.00000e+00 
9.82839e-03 1.63319e+11  -1.63318e+11 0.00000e+00 
9.85531e-03 1.65092e+11  -1.65091e+11 0.00000e+00 
9.88223e-03 1.66879e+11  -1.66878e+11 0.00000e+00 
9.90915e-03 1.68680e+11  -1.68679e+11 0.00000e+00 
9.93607e-03 1.70496e+11  -1.70494e+11 0.00000e+00 
9.96298e-03 1.72326e+11  -1.72324e+11 0.00000e+00 
9.98990e-03 1.74170e+11  -1.74169e+11 0.00000e+00 
