3-D EmbeddedElt
hexa8
27
1	4	0.004831175	-0.001288313	0
2	4	0.004327131	0.002505181	0
3	4	0.001288313	0.004831175	0
4	4	-0.002505181	0.004327131	0
5	4	-0.004831175	0.001288313	0
6	4	-0.004327131	-0.002505181	0
7	4	-0.001288313	-0.004831175	0
8	4	0.002505181	-0.004327131	0
9	4	7.60E-13	-1.31E-12	0
10	0	0.004831175	-0.001288313	0.005
11	0	0.004327131	0.002505181	0.005
12	0	0.001288313	0.004831175	0.005
13	0	-0.002505181	0.004327131	0.005
14	0	-0.004831175	0.001288313	0.005
15	0	-0.004327131	-0.002505181	0.005
16	0	-0.001288313	-0.004831175	0.005
17	0	0.002505181	-0.004327131	0.005
18	0	7.60E-13	-1.31E-12	0.005
19	4	0.004831175	-0.001288313	0.01
20	4	0.004327131	0.002505181	0.01
21	4	0.001288313	0.004831175	0.01
22	4	-0.002505181	0.004327131	0.01
23	4	-0.004831175	0.001288313	0.01
24	4	-0.004327131	-0.002505181	0.01
25	4	-0.001288313	-0.004831175	0.01
26	4	0.002505181	-0.004327131	0.01
27	4	7.60E-13	-1.31E-12	0.01
8
1	1	0	18	17	16	15	9	8	7	6
2	1	0	10	17	18	11	1	8	9	2
3	1	0	14	13	18	15	5	4	9	6
4	1	0	18	13	12	11	9	4	3	2
5	1	0	27	26	25	24	18	17	16	15
6	1	0	19	26	27	20	10	17	18	11
7	1	0	23	22	27	24	14	13	18	15
8	1	0	27	22	21	20	18	13	12	11
1
1 1 7800.0 76.92e9 115.4e9
0 9 0 0.0 0.0 0.0
19	3	0.00001
20	3	0.00001
21	3	0.00001
22	3	0.00001
23	3	0.00001
24	3	0.00001
25	3	0.00001
26	3	0.00001
27	3	0.00001
1 20.0 1.0 25 1.e-6 0.0 0.0 1 1 3 2
