1.23266e-04 7.11741e+05  5.81967e+06 5.81967e+06 
2.46531e-04 4.96199e+06  1.42353e+07 1.96192e+07 
3.69183e-04 7.34647e+06  2.79556e+07 3.58868e+07 
4.91134e-04 7.04368e+06  4.64648e+07 5.41514e+07 
6.13096e-04 5.97929e+06  7.07926e+07 7.75427e+07 
7.35558e-04 4.48393e+06  1.03042e+08 1.07583e+08 
8.57872e-04 4.17328e+06  1.37824e+08 1.42454e+08 
9.79932e-04 2.57141e+06  1.78231e+08 1.80955e+08 
1.10139e-03 9.42188e+05  2.23988e+08 2.24794e+08 
1.22233e-03 1.19653e+06  2.75272e+08 2.76302e+08 
1.34324e-03 3.66197e+06  3.31249e+08 3.35178e+08 
1.46419e-03 6.05154e+06  3.91975e+08 3.98650e+08 
1.58500e-03 6.41817e+06  4.57712e+08 4.64800e+08 
1.70564e-03 5.11110e+06  5.28615e+08 5.34277e+08 
1.82624e-03 3.74804e+06  6.04548e+08 6.08598e+08 
1.94675e-03 3.24598e+06  6.84513e+08 6.88215e+08 
2.06699e-03 2.39385e+06  7.70287e+08 7.72838e+08 
2.18683e-03 2.42931e+06  8.59898e+08 8.62493e+08 
2.30633e-03 3.23353e+06  9.53808e+08 9.57337e+08 
2.42552e-03 4.03059e+06  1.05234e+09 1.05682e+09 
2.54448e-03 4.26556e+06  1.15547e+09 1.16024e+09 
2.66336e-03 3.79678e+06  1.26364e+09 1.26767e+09 
2.78229e-03 4.05652e+06  1.37525e+09 1.37972e+09 
2.90129e-03 4.40533e+06  1.49135e+09 1.49639e+09 
3.02002e-03 3.62221e+06  1.61279e+09 1.61689e+09 
3.13822e-03 2.40797e+06  1.73847e+09 1.74104e+09 
3.25606e-03 2.44588e+06  1.86720e+09 1.86981e+09 
3.37384e-03 3.83488e+06  1.99959e+09 2.00387e+09 
3.49166e-03 4.89238e+06  2.13676e+09 2.14233e+09 
3.60912e-03 4.22335e+06  2.27887e+09 2.28356e+09 
3.72623e-03 2.95894e+06  2.42454e+09 2.42768e+09 
3.84323e-03 2.71480e+06  2.57324e+09 2.57620e+09 
3.96034e-03 3.32465e+06  2.72629e+09 2.73001e+09 
4.07748e-03 3.82121e+06  2.88398e+09 2.88834e+09 
4.19411e-03 3.49939e+06  3.04574e+09 3.04962e+09 
4.31026e-03 3.31122e+06  3.21034e+09 3.21397e+09 
4.42626e-03 3.80236e+06  3.37810e+09 3.38237e+09 
4.54241e-03 4.17836e+06  3.55042e+09 3.55511e+09 
4.65846e-03 3.78635e+06  3.72697e+09 3.73118e+09 
4.77419e-03 2.93558e+06  3.90683e+09 3.91004e+09 
4.88961e-03 2.52003e+06  4.08960e+09 4.09240e+09 
5.00489e-03 2.70894e+06  4.27617e+09 4.27922e+09 
5.12017e-03 3.14895e+06  4.46710e+09 4.47061e+09 
5.23530e-03 3.83288e+06  4.66139e+09 4.66564e+09 
5.35015e-03 4.67548e+06  4.85822e+09 4.86352e+09 
5.46482e-03 4.85344e+06  5.05863e+09 5.06417e+09 
5.57942e-03 3.97333e+06  5.26333e+09 5.26779e+09 
5.69388e-03 2.68227e+06  5.47158e+09 5.47447e+09 
5.80810e-03 2.01086e+06  5.68230e+09 5.68444e+09 
5.92213e-03 2.19608e+06  5.89573e+09 5.89822e+09 
6.03602e-03 2.47804e+06  6.11318e+09 6.11601e+09 
6.14976e-03 2.59772e+06  6.33474e+09 6.33759e+09 
6.26335e-03 3.22184e+06  6.55916e+09 6.56265e+09 
6.37679e-03 4.66863e+06  6.78564e+09 6.79090e+09 
6.49010e-03 5.87374e+06  7.01509e+09 7.02186e+09 
6.60320e-03 5.42517e+06  7.24872e+09 7.25494e+09 
6.71608e-03 3.55244e+06  7.48612e+09 7.49001e+09 
6.82882e-03 1.99347e+06  7.72577e+09 7.72781e+09 
6.94152e-03 1.73828e+06  7.96742e+09 7.96931e+09 
7.05419e-03 2.06539e+06  8.21248e+09 8.21489e+09 
7.16663e-03 1.96275e+06  8.46179e+09 8.46401e+09 
7.27873e-03 1.85177e+06  8.71432e+09 8.71622e+09 
7.39058e-03 2.91882e+06  8.96838e+09 8.97151e+09 
7.50226e-03 4.93263e+06  9.22401e+09 9.22963e+09 
7.61378e-03 6.15710e+06  9.48287e+09 9.49000e+09 
7.72517e-03 5.48799e+06  9.74600e+09 9.75225e+09 
7.83646e-03 3.77342e+06  1.00123e+10 1.00165e+10 
7.94766e-03 2.53660e+06  1.02805e+10 1.02833e+10 
8.05878e-03 2.11825e+06  1.05508e+10 1.05532e+10 
8.16976e-03 1.86079e+06  1.08244e+10 1.08265e+10 
8.28044e-03 1.56514e+06  1.11012e+10 1.11029e+10 
8.39093e-03 1.79156e+06  1.13807e+10 1.13826e+10 
8.50132e-03 2.91883e+06  1.16622e+10 1.16654e+10 
8.61162e-03 4.39689e+06  1.19458e+10 1.19508e+10 
8.72171e-03 5.14972e+06  1.22323e+10 1.22382e+10 
8.83158e-03 4.75800e+06  1.25220e+10 1.25274e+10 
8.94126e-03 3.84249e+06  1.28141e+10 1.28183e+10 
9.05080e-03 3.17386e+06  1.31079e+10 1.31114e+10 
9.16025e-03 2.77624e+06  1.34039e+10 1.34071e+10 
9.26969e-03 2.27820e+06  1.37034e+10 1.37060e+10 
9.37910e-03 1.84003e+06  1.40064e+10 1.40084e+10 
9.48834e-03 2.06145e+06  1.43115e+10 1.43137e+10 
9.59736e-03 3.01935e+06  1.46180e+10 1.46213e+10 
9.70618e-03 3.99640e+06  1.49265e+10 1.49310e+10 
9.81477e-03 4.26050e+06  1.52378e+10 1.52426e+10 
9.92317e-03 3.84527e+06  1.55518e+10 1.55561e+10 
1.00000e-02 3.47694e+06  1.57758e+10 1.57796e+10 
