2.61133e-05 3.12171e+04  2.18061e+03 2.18061e+03 
5.22267e-05 3.14111e+04  8.02855e+03 8.20034e+03 
7.83400e-05 3.20251e+04  1.66637e+04 1.74259e+04 
1.04453e-04 3.32853e+04  2.76082e+04 2.96123e+04 
1.30566e-04 3.53139e+04  4.04821e+04 4.45064e+04 
1.56679e-04 3.80667e+04  5.50956e+04 6.18765e+04 
1.82791e-04 4.13150e+04  7.14891e+04 8.15328e+04 
2.08902e-04 4.46785e+04  8.99102e+04 1.03339e+05 
2.35012e-04 4.76982e+04  1.10739e+05 1.27209e+05 
2.61121e-04 4.99329e+04  1.34382e+05 1.53105e+05 
2.87229e-04 5.10521e+04  1.61168e+05 1.81020e+05 
3.13335e-04 5.09051e+04  1.91264e+05 2.10967e+05 
3.39440e-04 4.95471e+04  2.24644e+05 2.42979e+05 
3.65543e-04 4.72203e+04  2.61107e+05 2.77099e+05 
3.91645e-04 4.42950e+04  3.00339e+05 3.13388e+05 
4.17745e-04 4.11876e+04  3.42003e+05 3.51931e+05 
4.43844e-04 3.82764e+04  3.85830e+05 3.92841e+05 
4.69942e-04 3.58352e+04  4.31686e+05 4.36258e+05 
4.96038e-04 3.39990e+04  4.79600e+05 4.82346e+05 
5.22134e-04 3.27676e+04  5.29750e+05 5.31280e+05 
5.48229e-04 3.20405e+04  5.82406e+05 5.83226e+05 
5.74324e-04 3.16730e+04  6.37857e+05 6.38322e+05 
6.00418e-04 3.15335e+04  6.96329e+05 6.96661e+05 
6.26512e-04 3.15488e+04  7.57930e+05 7.58278e+05 
6.52606e-04 3.17226e+04  8.22628e+05 8.23142e+05 
6.78700e-04 3.21264e+04  8.90259e+05 8.91164e+05 
7.04793e-04 3.28652e+04  9.60579e+05 9.62210e+05 
7.30887e-04 3.40300e+04  1.03333e+06 1.03611e+06 
7.56979e-04 3.56518e+04  1.10830e+06 1.11270e+06 
7.83072e-04 3.76701e+04  1.18539e+06 1.19182e+06 
8.09163e-04 3.99255e+04  1.26462e+06 1.27331e+06 
8.35254e-04 4.21799e+04  1.34612e+06 1.35708e+06 
8.61344e-04 4.41580e+04  1.43010e+06 1.44304e+06 
8.87433e-04 4.56005e+04  1.51677e+06 1.53117e+06 
9.13520e-04 4.63165e+04  1.60631e+06 1.62143e+06 
9.39607e-04 4.62202e+04  1.69882e+06 1.71384e+06 
9.65692e-04 4.53461e+04  1.79428e+06 1.80841e+06 
9.91775e-04 4.38377e+04  1.89257e+06 1.90520e+06 
1.01786e-03 4.19145e+04  1.99355e+06 2.00424e+06 
1.04394e-03 3.98269e+04  2.09702e+06 2.10561e+06 
1.07002e-03 3.78078e+04  2.20284e+06 2.20942e+06 
1.09610e-03 3.60360e+04  2.31095e+06 2.31575e+06 
1.12218e-03 3.46148e+04  2.42136e+06 2.42474e+06 
1.14825e-03 3.35724e+04  2.53416e+06 2.53651e+06 
1.17433e-03 3.28790e+04  2.64950e+06 2.65116e+06 
1.20040e-03 3.24754e+04  2.76753e+06 2.76880e+06 
1.22648e-03 3.23030e+04  2.88838e+06 2.88948e+06 
1.25255e-03 3.23269e+04  3.01209e+06 3.01322e+06 
1.27863e-03 3.25460e+04  3.13865e+06 3.13999e+06 
1.30470e-03 3.29881e+04  3.26797e+06 3.26974e+06 
1.33078e-03 3.36921e+04  3.39991e+06 3.40238e+06 
1.35685e-03 3.46837e+04  3.53433e+06 3.53779e+06 
1.38292e-03 3.59523e+04  3.67112e+06 3.67584e+06 
1.40899e-03 3.74366e+04  3.81022e+06 3.81643e+06 
1.43507e-03 3.90223e+04  3.95165e+06 3.95945e+06 
1.46114e-03 4.05558e+04  4.09548e+06 4.10482e+06 
1.48721e-03 4.18678e+04  4.24182e+06 4.25248e+06 
1.51328e-03 4.28041e+04  4.39079e+06 4.40239e+06 
1.53934e-03 4.32541e+04  4.54248e+06 4.55453e+06 
1.56541e-03 4.31708e+04  4.69693e+06 4.70890e+06 
1.59148e-03 4.25787e+04  4.85415e+06 4.86552e+06 
1.61754e-03 4.15665e+04  5.01407e+06 5.02443e+06 
1.64360e-03 4.02685e+04  5.17660e+06 5.18566e+06 
1.66966e-03 3.88387e+04  5.34166e+06 5.34928e+06 
1.69572e-03 3.74238e+04  5.50915e+06 5.51536e+06 
1.72178e-03 3.61414e+04  5.67905e+06 5.68398e+06 
1.74784e-03 3.50685e+04  5.85137e+06 5.85523e+06 
1.77390e-03 3.42396e+04  6.02617e+06 6.02920e+06 
1.79996e-03 3.36555e+04  6.20351e+06 6.20596e+06 
1.82602e-03 3.32974e+04  6.38348e+06 6.38558e+06 
1.85207e-03 3.31426e+04  6.56615e+06 6.56809e+06 
1.87813e-03 3.31757e+04  6.75153e+06 6.75351e+06 
1.90418e-03 3.33939e+04  6.93962e+06 6.94181e+06 
1.93024e-03 3.38043e+04  7.13035e+06 7.13295e+06 
1.95629e-03 3.44144e+04  7.32367e+06 7.32687e+06 
1.98234e-03 3.52206e+04  7.51948e+06 7.52349e+06 
2.00840e-03 3.61964e+04  7.71774e+06 7.72272e+06 
2.03445e-03 3.72869e+04  7.91841e+06 7.92448e+06 
2.06050e-03 3.84094e+04  8.12150e+06 8.12869e+06 
2.08655e-03 3.94622e+04  8.32704e+06 8.33530e+06 
2.11260e-03 4.03393e+04  8.53511e+06 8.54425e+06 
2.13865e-03 4.09478e+04  8.74577e+06 8.75551e+06 
2.16470e-03 4.12235e+04  8.95905e+06 8.96908e+06 
2.19075e-03 4.11418e+04  9.17500e+06 9.18494e+06 
2.21679e-03 4.07216e+04  9.39359e+06 9.40311e+06 
2.24284e-03 4.00202e+04  9.61480e+06 9.62362e+06 
2.26888e-03 3.91224e+04  9.83859e+06 9.84650e+06 
2.29492e-03 3.81255e+04  1.00649e+07 1.00718e+07 
2.32096e-03 3.71238e+04  1.02937e+07 1.02996e+07 
2.34701e-03 3.61963e+04  1.05249e+07 1.05299e+07 
2.37304e-03 3.53993e+04  1.07587e+07 1.07628e+07 
2.39908e-03 3.47649e+04  1.09949e+07 1.09984e+07 
2.42512e-03 3.43053e+04  1.12336e+07 1.12368e+07 
2.45116e-03 3.40194e+04  1.14750e+07 1.14778e+07 
2.47720e-03 3.39008e+04  1.17190e+07 1.17217e+07 
2.50323e-03 3.39433e+04  1.19656e+07 1.19683e+07 
2.52927e-03 3.41434e+04  1.22148e+07 1.22177e+07 
2.55530e-03 3.44983e+04  1.24666e+07 1.24699e+07 
2.58134e-03 3.50021e+04  1.27210e+07 1.27248e+07 
2.60737e-03 3.56392e+04  1.29778e+07 1.29823e+07 
2.63341e-03 3.63801e+04  1.32371e+07 1.32423e+07 
2.65944e-03 3.71788e+04  1.34989e+07 1.35049e+07 
2.68547e-03 3.79754e+04  1.37632e+07 1.37700e+07 
2.71150e-03 3.87014e+04  1.40299e+07 1.40374e+07 
2.73753e-03 3.92895e+04  1.42992e+07 1.43073e+07 
2.76356e-03 3.96830e+04  1.45710e+07 1.45795e+07 
2.78959e-03 3.98448e+04  1.48454e+07 1.48540e+07 
2.81562e-03 3.97632e+04  1.51223e+07 1.51309e+07 
2.84164e-03 3.94531e+04  1.54019e+07 1.54101e+07 
2.86767e-03 3.89531e+04  1.56840e+07 1.56917e+07 
2.89369e-03 3.83184e+04  1.59687e+07 1.59758e+07 
2.91972e-03 3.76124e+04  1.62558e+07 1.62622e+07 
2.94574e-03 3.68971e+04  1.65455e+07 1.65512e+07 
2.97176e-03 3.62264e+04  1.68376e+07 1.68427e+07 
2.99778e-03 3.56411e+04  1.71323e+07 1.71367e+07 
3.02380e-03 3.51684e+04  1.74294e+07 1.74334e+07 
3.04982e-03 3.48227e+04  1.77291e+07 1.77328e+07 
3.07584e-03 3.46097e+04  1.80314e+07 1.80348e+07 
3.10186e-03 3.45296e+04  1.83362e+07 1.83395e+07 
3.12787e-03 3.45798e+04  1.86436e+07 1.86469e+07 
3.15389e-03 3.47563e+04  1.89535e+07 1.89570e+07 
3.17991e-03 3.50524e+04  1.92660e+07 1.92698e+07 
3.20592e-03 3.54569e+04  1.95810e+07 1.95852e+07 
3.23194e-03 3.59512e+04  1.98985e+07 1.99032e+07 
3.25795e-03 3.65079e+04  2.02185e+07 2.02238e+07 
3.28396e-03 3.70903e+04  2.05409e+07 2.05468e+07 
3.30998e-03 3.76551e+04  2.08659e+07 2.08723e+07 
3.33599e-03 3.81559e+04  2.11933e+07 2.12002e+07 
3.36200e-03 3.85493e+04  2.15232e+07 2.15306e+07 
3.38801e-03 3.88005e+04  2.18557e+07 2.18633e+07 
3.41402e-03 3.88884e+04  2.21907e+07 2.21984e+07 
3.44002e-03 3.88083e+04  2.25282e+07 2.25358e+07 
3.46603e-03 3.85724e+04  2.28683e+07 2.28757e+07 
3.49204e-03 3.82074e+04  2.32109e+07 2.32179e+07 
3.51804e-03 3.77506e+04  2.35561e+07 2.35626e+07 
3.54405e-03 3.72441e+04  2.39037e+07 2.39097e+07 
3.57005e-03 3.67299e+04  2.42538e+07 2.42593e+07 
3.59605e-03 3.62452e+04  2.46064e+07 2.46115e+07 
3.62205e-03 3.58196e+04  2.49615e+07 2.49661e+07 
3.64806e-03 3.54746e+04  2.53191e+07 2.53234e+07 
3.67406e-03 3.52236e+04  2.56792e+07 2.56833e+07 
3.70005e-03 3.50736e+04  2.60419e+07 2.60458e+07 
3.72605e-03 3.50267e+04  2.64071e+07 2.64109e+07 
3.75205e-03 3.50817e+04  2.67748e+07 2.67787e+07 
3.77805e-03 3.52341e+04  2.71450e+07 2.71490e+07 
3.80405e-03 3.54760e+04  2.75178e+07 2.75220e+07 
3.83004e-03 3.57951e+04  2.78930e+07 2.78976e+07 
3.85604e-03 3.61735e+04  2.82707e+07 2.82757e+07 
3.88203e-03 3.65882e+04  2.86510e+07 2.86563e+07 
3.90802e-03 3.70107e+04  2.90337e+07 2.90395e+07 
3.93402e-03 3.74097e+04  2.94188e+07 2.94250e+07 
3.96001e-03 3.77537e+04  2.98065e+07 2.98130e+07 
3.98600e-03 3.80148e+04  3.01966e+07 3.02034e+07 
4.01199e-03 3.81714e+04  3.05893e+07 3.05962e+07 
4.03798e-03 3.82120e+04  3.09844e+07 3.09914e+07 
4.06397e-03 3.81355e+04  3.13821e+07 3.13890e+07 
4.08996e-03 3.79520e+04  3.17823e+07 3.17890e+07 
4.11594e-03 3.76806e+04  3.21850e+07 3.21914e+07 
4.14193e-03 3.73470e+04  3.25901e+07 3.25963e+07 
4.16792e-03 3.69802e+04  3.29978e+07 3.30036e+07 
4.19390e-03 3.66088e+04  3.34079e+07 3.34133e+07 
4.21988e-03 3.62591e+04  3.38206e+07 3.38256e+07 
4.24587e-03 3.59526e+04  3.42357e+07 3.42404e+07 
4.27185e-03 3.57055e+04  3.46533e+07 3.46578e+07 
4.29783e-03 3.55288e+04  3.50734e+07 3.50777e+07 
4.32381e-03 3.54288e+04  3.54960e+07 3.55002e+07 
4.34979e-03 3.54077e+04  3.59211e+07 3.59253e+07 
4.37577e-03 3.54642e+04  3.63487e+07 3.63529e+07 
4.40174e-03 3.55939e+04  3.67788e+07 3.67832e+07 
4.42772e-03 3.57888e+04  3.72114e+07 3.72160e+07 
4.45370e-03 3.60374e+04  3.76464e+07 3.76513e+07 
4.47967e-03 3.63242e+04  3.80840e+07 3.80891e+07 
4.50565e-03 3.66306e+04  3.85240e+07 3.85294e+07 
4.53162e-03 3.69351e+04  3.89665e+07 3.89722e+07 
4.55760e-03 3.72153e+04  3.94114e+07 3.94175e+07 
4.58357e-03 3.74498e+04  3.98589e+07 3.98651e+07 
4.60954e-03 3.76205e+04  4.03088e+07 4.03152e+07 
4.63551e-03 3.77143e+04  4.07612e+07 4.07677e+07 
4.66148e-03 3.77252e+04  4.12160e+07 4.12226e+07 
4.68745e-03 3.76541e+04  4.16734e+07 4.16798e+07 
4.71342e-03 3.75092e+04  4.21332e+07 4.21395e+07 
4.73939e-03 3.73047e+04  4.25955e+07 4.26016e+07 
4.76536e-03 3.70585e+04  4.30603e+07 4.30662e+07 
4.79132e-03 3.67910e+04  4.35276e+07 4.35332e+07 
4.81729e-03 3.65224e+04  4.39973e+07 4.40027e+07 
4.84325e-03 3.62710e+04  4.44696e+07 4.44746e+07 
4.86922e-03 3.60524e+04  4.49442e+07 4.49491e+07 
4.89518e-03 3.58786e+04  4.54214e+07 4.54261e+07 
4.92114e-03 3.57581e+04  4.59010e+07 4.59056e+07 
4.94710e-03 3.56956e+04  4.63831e+07 4.63876e+07 
4.97306e-03 3.56928e+04  4.68677e+07 4.68722e+07 
4.99902e-03 3.57480e+04  4.73548e+07 4.73593e+07 
5.02498e-03 3.58570e+04  4.78443e+07 4.78490e+07 
5.05094e-03 3.60124e+04  4.83363e+07 4.83411e+07 
5.07690e-03 3.62042e+04  4.88308e+07 4.88358e+07 
5.10285e-03 3.64197e+04  4.93277e+07 4.93329e+07 
5.12881e-03 3.66442e+04  4.98271e+07 4.98325e+07 
5.15477e-03 3.68620e+04  5.03289e+07 5.03346e+07 
5.18072e-03 3.70570e+04  5.08332e+07 5.08391e+07 
5.20667e-03 3.72149e+04  5.13400e+07 5.13460e+07 
5.23263e-03 3.73239e+04  5.18492e+07 5.18553e+07 
5.25858e-03 3.73764e+04  5.23609e+07 5.23671e+07 
5.28453e-03 3.73694e+04  5.28750e+07 5.28812e+07 
5.31048e-03 3.73048e+04  5.33917e+07 5.33978e+07 
5.33643e-03 3.71895e+04  5.39107e+07 5.39167e+07 
5.36238e-03 3.70339e+04  5.44323e+07 5.44381e+07 
5.38833e-03 3.68510e+04  5.49562e+07 5.49619e+07 
5.41427e-03 3.66553e+04  5.54827e+07 5.54881e+07 
5.44022e-03 3.64610e+04  5.60116e+07 5.60168e+07 
5.46616e-03 3.62812e+04  5.65429e+07 5.65480e+07 
5.49211e-03 3.61271e+04  5.70768e+07 5.70817e+07 
5.51805e-03 3.60074e+04  5.76130e+07 5.76178e+07 
5.54399e-03 3.59281e+04  5.81517e+07 5.81565e+07 
5.56994e-03 3.58925e+04  5.86929e+07 5.86976e+07 
5.59588e-03 3.59015e+04  5.92366e+07 5.92413e+07 
5.62182e-03 3.59533e+04  5.97827e+07 5.97874e+07 
5.64776e-03 3.60438e+04  6.03312e+07 6.03360e+07 
5.67370e-03 3.61666e+04  6.08822e+07 6.08872e+07 
5.69964e-03 3.63133e+04  6.14356e+07 6.14407e+07 
5.72557e-03 3.64738e+04  6.19915e+07 6.19968e+07 
5.75151e-03 3.66370e+04  6.25499e+07 6.25553e+07 
5.77745e-03 3.67912e+04  6.31106e+07 6.31162e+07 
5.80338e-03 3.69253e+04  6.36738e+07 6.36796e+07 
5.82932e-03 3.70297e+04  6.42395e+07 6.42453e+07 
5.85525e-03 3.70969e+04  6.48076e+07 6.48135e+07 
5.88118e-03 3.71225e+04  6.53781e+07 6.53841e+07 
5.90712e-03 3.71055e+04  6.59511e+07 6.59570e+07 
5.93305e-03 3.70482e+04  6.65266e+07 6.65324e+07 
5.95898e-03 3.69560e+04  6.71044e+07 6.71102e+07 
5.98491e-03 3.68371e+04  6.76848e+07 6.76904e+07 
6.01084e-03 3.67007e+04  6.82675e+07 6.82730e+07 
6.03676e-03 3.65574e+04  6.88527e+07 6.88581e+07 
6.06269e-03 3.64173e+04  6.94403e+07 6.94456e+07 
6.08862e-03 3.62897e+04  7.00304e+07 7.00355e+07 
6.11454e-03 3.61826e+04  7.06229e+07 7.06279e+07 
6.14047e-03 3.61020e+04  7.12179e+07 7.12228e+07 
6.16639e-03 3.60521e+04  7.18153e+07 7.18201e+07 
6.19231e-03 3.60351e+04  7.24151e+07 7.24199e+07 
6.21824e-03 3.60510e+04  7.30173e+07 7.30222e+07 
6.24416e-03 3.60979e+04  7.36220e+07 7.36269e+07 
6.27008e-03 3.61721e+04  7.42292e+07 7.42342e+07 
6.29600e-03 3.62682e+04  7.48387e+07 7.48438e+07 
6.32192e-03 3.63794e+04  7.54507e+07 7.54559e+07 
6.34784e-03 3.64979e+04  7.60652e+07 7.60705e+07 
6.37376e-03 3.66153e+04  7.66820e+07 7.66874e+07 
6.39967e-03 3.67232e+04  7.73013e+07 7.73068e+07 
6.42559e-03 3.68140e+04  7.79230e+07 7.79286e+07 
6.45151e-03 3.68812e+04  7.85471e+07 7.85528e+07 
6.47742e-03 3.69203e+04  7.91737e+07 7.91794e+07 
6.50333e-03 3.69288e+04  7.98026e+07 7.98084e+07 
6.52925e-03 3.69070e+04  8.04341e+07 8.04398e+07 
6.55516e-03 3.68571e+04  8.10679e+07 8.10735e+07 
6.58107e-03 3.67835e+04  8.17041e+07 8.17097e+07 
6.60698e-03 3.66924e+04  8.23428e+07 8.23483e+07 
6.63289e-03 3.65908e+04  8.29839e+07 8.29893e+07 
6.65880e-03 3.64860e+04  8.36274e+07 8.36327e+07 
6.68471e-03 3.63856e+04  8.42734e+07 8.42786e+07 
6.71062e-03 3.62959e+04  8.49218e+07 8.49269e+07 
6.73652e-03 3.62226e+04  8.55725e+07 8.55776e+07 
6.76243e-03 3.61700e+04  8.62258e+07 8.62307e+07 
6.78833e-03 3.61406e+04  8.68814e+07 8.68863e+07 
6.81424e-03 3.61357e+04  8.75394e+07 8.75444e+07 
6.84014e-03 3.61548e+04  8.81999e+07 8.82048e+07 
6.86604e-03 3.61960e+04  8.88628e+07 8.88678e+07 
6.89195e-03 3.62561e+04  8.95281e+07 8.95331e+07 
6.91785e-03 3.63306e+04  9.01958e+07 9.02009e+07 
6.94375e-03 3.64141e+04  9.08659e+07 9.08711e+07 
6.96965e-03 3.65007e+04  9.15385e+07 9.15438e+07 
6.99555e-03 3.65841e+04  9.22134e+07 9.22188e+07 
7.02144e-03 3.66585e+04  9.28908e+07 9.28962e+07 
7.04734e-03 3.67186e+04  9.35705e+07 9.35760e+07 
7.07324e-03 3.67602e+04  9.42527e+07 9.42583e+07 
7.09913e-03 3.67807e+04  9.49373e+07 9.49429e+07 
7.12503e-03 3.67790e+04  9.56243e+07 9.56299e+07 
7.15092e-03 3.67556e+04  9.63137e+07 9.63192e+07 
7.17682e-03 3.67129e+04  9.70055e+07 9.70110e+07 
7.20271e-03 3.66544e+04  9.76997e+07 9.77052e+07 
7.22860e-03 3.65847e+04  9.83963e+07 9.84017e+07 
7.25449e-03 3.65091e+04  9.90954e+07 9.91007e+07 
7.28038e-03 3.64329e+04  9.97968e+07 9.98020e+07 
7.30627e-03 3.63615e+04  1.00501e+08 1.00506e+08 
7.33216e-03 3.62993e+04  1.01207e+08 1.01212e+08 
7.35805e-03 3.62502e+04  1.01916e+08 1.01921e+08 
7.38393e-03 3.62171e+04  1.02627e+08 1.02632e+08 
7.40982e-03 3.62016e+04  1.03340e+08 1.03345e+08 
7.43571e-03 3.62041e+04  1.04056e+08 1.04061e+08 
7.46159e-03 3.62239e+04  1.04774e+08 1.04779e+08 
7.48748e-03 3.62592e+04  1.05495e+08 1.05500e+08 
7.51336e-03 3.63072e+04  1.06218e+08 1.06223e+08 
7.53924e-03 3.63643e+04  1.06943e+08 1.06948e+08 
7.56512e-03 3.64263e+04  1.07671e+08 1.07676e+08 
7.59100e-03 3.64888e+04  1.08401e+08 1.08407e+08 
7.61688e-03 3.65472e+04  1.09134e+08 1.09139e+08 
7.64276e-03 3.65974e+04  1.09869e+08 1.09874e+08 
7.66864e-03 3.66360e+04  1.10606e+08 1.10612e+08 
7.69452e-03 3.66603e+04  1.11346e+08 1.11352e+08 
7.72040e-03 3.66688e+04  1.12088e+08 1.12094e+08 
7.74627e-03 3.66612e+04  1.12833e+08 1.12838e+08 
7.77215e-03 3.66385e+04  1.13580e+08 1.13585e+08 
7.79802e-03 3.66025e+04  1.14329e+08 1.14335e+08 
7.82390e-03 3.65563e+04  1.15081e+08 1.15087e+08 
7.84977e-03 3.65032e+04  1.15835e+08 1.15841e+08 
7.87564e-03 3.64472e+04  1.16592e+08 1.16597e+08 
7.90151e-03 3.63922e+04  1.17351e+08 1.17356e+08 
7.92738e-03 3.63419e+04  1.18112e+08 1.18117e+08 
7.95325e-03 3.62995e+04  1.18876e+08 1.18881e+08 
7.97912e-03 3.62676e+04  1.19642e+08 1.19647e+08 
8.00499e-03 3.62479e+04  1.20410e+08 1.20415e+08 
8.03086e-03 3.62413e+04  1.21181e+08 1.21186e+08 
8.05672e-03 3.62479e+04  1.21954e+08 1.21960e+08 
8.08259e-03 3.62668e+04  1.22730e+08 1.22735e+08 
8.10845e-03 3.62963e+04  1.23508e+08 1.23513e+08 
8.13432e-03 3.63341e+04  1.24288e+08 1.24294e+08 
8.16018e-03 3.63773e+04  1.25071e+08 1.25076e+08 
8.18605e-03 3.64227e+04  1.25856e+08 1.25862e+08 
8.21191e-03 3.64671e+04  1.26644e+08 1.26649e+08 
8.23777e-03 3.65072e+04  1.27434e+08 1.27439e+08 
8.26363e-03 3.65402e+04  1.28226e+08 1.28231e+08 
8.28949e-03 3.65639e+04  1.29021e+08 1.29026e+08 
8.31535e-03 3.65766e+04  1.29818e+08 1.29823e+08 
8.34121e-03 3.65777e+04  1.30617e+08 1.30623e+08 
8.36706e-03 3.65673e+04  1.31419e+08 1.31424e+08 
8.39292e-03 3.65463e+04  1.32223e+08 1.32228e+08 
8.41878e-03 3.65166e+04  1.33030e+08 1.33035e+08 
8.44463e-03 3.64802e+04  1.33839e+08 1.33844e+08 
8.47048e-03 3.64401e+04  1.34650e+08 1.34655e+08 
8.49634e-03 3.63989e+04  1.35463e+08 1.35469e+08 
8.52219e-03 3.63596e+04  1.36279e+08 1.36285e+08 
8.54804e-03 3.63247e+04  1.37098e+08 1.37103e+08 
8.57389e-03 3.62964e+04  1.37919e+08 1.37924e+08 
8.59974e-03 3.62763e+04  1.38742e+08 1.38747e+08 
8.62559e-03 3.62656e+04  1.39567e+08 1.39572e+08 
8.65144e-03 3.62646e+04  1.40395e+08 1.40400e+08 
8.67729e-03 3.62731e+04  1.41225e+08 1.41230e+08 
8.70314e-03 3.62900e+04  1.42058e+08 1.42063e+08 
8.72898e-03 3.63141e+04  1.42893e+08 1.42898e+08 
8.75483e-03 3.63434e+04  1.43730e+08 1.43735e+08 
8.78067e-03 3.63756e+04  1.44570e+08 1.44575e+08 
8.80652e-03 3.64083e+04  1.45412e+08 1.45417e+08 
8.83236e-03 3.64392e+04  1.46256e+08 1.46262e+08 
8.85820e-03 3.64661e+04  1.47103e+08 1.47108e+08 
8.88405e-03 3.64870e+04  1.47952e+08 1.47957e+08 
8.90989e-03 3.65005e+04  1.48804e+08 1.48809e+08 
8.93573e-03 3.65057e+04  1.49658e+08 1.49663e+08 
8.96157e-03 3.65024e+04  1.50514e+08 1.50519e+08 
8.98740e-03 3.64911e+04  1.51372e+08 1.51378e+08 
9.01324e-03 3.64725e+04  1.52233e+08 1.52238e+08 
9.03908e-03 3.64482e+04  1.53096e+08 1.53102e+08 
9.06492e-03 3.64200e+04  1.53962e+08 1.53967e+08 
9.09075e-03 3.63899e+04  1.54830e+08 1.54835e+08 
9.11659e-03 3.63599e+04  1.55700e+08 1.55706e+08 
9.14242e-03 3.63321e+04  1.56573e+08 1.56578e+08 
9.16825e-03 3.63083e+04  1.57448e+08 1.57453e+08 
9.19409e-03 3.62899e+04  1.58326e+08 1.58331e+08 
9.21992e-03 3.62780e+04  1.59205e+08 1.59210e+08 
9.24575e-03 3.62730e+04  1.60087e+08 1.60093e+08 
9.27158e-03 3.62752e+04  1.60972e+08 1.60977e+08 
9.29741e-03 3.62840e+04  1.61859e+08 1.61864e+08 
9.32324e-03 3.62986e+04  1.62748e+08 1.62753e+08 
9.34906e-03 3.63178e+04  1.63639e+08 1.63644e+08 
9.37489e-03 3.63400e+04  1.64533e+08 1.64538e+08 
9.40072e-03 3.63636e+04  1.65429e+08 1.65435e+08 
9.42654e-03 3.63867e+04  1.66328e+08 1.66333e+08 
9.45237e-03 3.64077e+04  1.67229e+08 1.67234e+08 
9.47819e-03 3.64251e+04  1.68132e+08 1.68137e+08 
9.50401e-03 3.64375e+04  1.69038e+08 1.69043e+08 
9.52984e-03 3.64442e+04  1.69946e+08 1.69951e+08 
9.55566e-03 3.64448e+04  1.70856e+08 1.70861e+08 
9.58148e-03 3.64393e+04  1.71768e+08 1.71774e+08 
9.60730e-03 3.64281e+04  1.72683e+08 1.72689e+08 
9.63312e-03 3.64122e+04  1.73601e+08 1.73606e+08 
9.65894e-03 3.63927e+04  1.74520e+08 1.74525e+08 
9.68475e-03 3.63709e+04  1.75442e+08 1.75447e+08 
9.71057e-03 3.63485e+04  1.76366e+08 1.76372e+08 
9.73639e-03 3.63270e+04  1.77293e+08 1.77298e+08 
9.76220e-03 3.63076e+04  1.78222e+08 1.78227e+08 
9.78802e-03 3.62917e+04  1.79153e+08 1.79158e+08 
9.81383e-03 3.62802e+04  1.80087e+08 1.80092e+08 
9.83964e-03 3.62736e+04  1.81023e+08 1.81028e+08 
9.86545e-03 3.62722e+04  1.81961e+08 1.81966e+08 
9.89127e-03 3.62759e+04  1.82902e+08 1.82907e+08 
9.91708e-03 3.62842e+04  1.83845e+08 1.83850e+08 
9.94289e-03 3.62964e+04  1.84790e+08 1.84795e+08 
9.96870e-03 3.63113e+04  1.85738e+08 1.85743e+08 
9.99450e-03 3.63278e+04  1.86688e+08 1.86693e+08 
