1.36166e-04 4.01461e+02  0.00000e+00 0.00000e+00 
2.72331e-04 3.68738e+03  -3.14218e+03 0.00000e+00 
4.08497e-04 1.26342e+04  -1.15486e+04 0.00000e+00 
5.44658e-04 3.66337e+04  -3.43352e+04 0.00000e+00 
6.80815e-04 9.15857e+04  -8.75334e+04 0.00000e+00 
8.16971e-04 1.91131e+05  -1.86060e+05 0.00000e+00 
9.53127e-04 3.45958e+05  -3.39497e+05 0.00000e+00 
1.08928e-03 5.82530e+05  -5.73487e+05 0.00000e+00 
1.22543e-03 9.37091e+05  -9.25026e+05 0.00000e+00 
1.36158e-03 1.43198e+06  -1.41784e+06 0.00000e+00 
1.49772e-03 2.08445e+06  -2.06796e+06 0.00000e+00 
1.63387e-03 2.93904e+06  -2.91877e+06 0.00000e+00 
1.77001e-03 4.05263e+06  -4.02814e+06 0.00000e+00 
1.90614e-03 5.45667e+06  -5.42897e+06 0.00000e+00 
2.04228e-03 7.17515e+06  -7.14405e+06 0.00000e+00 
2.17842e-03 9.26949e+06  -9.23352e+06 0.00000e+00 
2.31455e-03 1.18164e+07  -1.17751e+07 0.00000e+00 
2.45068e-03 1.48581e+07  -1.48124e+07 0.00000e+00 
2.58681e-03 1.84263e+07  -1.83761e+07 0.00000e+00 
2.72293e-03 2.25977e+07  -2.25415e+07 0.00000e+00 
2.85905e-03 2.74671e+07  -2.74045e+07 0.00000e+00 
2.99518e-03 3.30895e+07  -3.30212e+07 0.00000e+00 
3.13129e-03 3.95058e+07  -3.94319e+07 0.00000e+00 
3.26741e-03 4.68061e+07  -4.67253e+07 0.00000e+00 
3.40353e-03 5.51020e+07  -5.50137e+07 0.00000e+00 
3.53964e-03 6.44623e+07  -6.43671e+07 0.00000e+00 
3.67575e-03 7.49391e+07  -7.48371e+07 0.00000e+00 
3.81186e-03 8.66345e+07  -8.65245e+07 0.00000e+00 
3.94796e-03 9.96750e+07  -9.95564e+07 0.00000e+00 
4.08406e-03 1.14144e+08  -1.14018e+08 0.00000e+00 
4.22017e-03 1.30107e+08  -1.29973e+08 0.00000e+00 
4.35626e-03 1.47678e+08  -1.47534e+08 0.00000e+00 
4.49236e-03 1.66995e+08  -1.66841e+08 0.00000e+00 
4.62846e-03 1.88158e+08  -1.87995e+08 0.00000e+00 
4.76455e-03 2.11246e+08  -2.11075e+08 0.00000e+00 
4.90064e-03 2.36384e+08  -2.36202e+08 0.00000e+00 
5.03673e-03 2.63722e+08  -2.63530e+08 0.00000e+00 
5.17281e-03 2.93378e+08  -2.93175e+08 0.00000e+00 
5.30889e-03 3.25443e+08  -3.25230e+08 0.00000e+00 
5.44498e-03 3.60053e+08  -3.59829e+08 0.00000e+00 
5.58105e-03 3.97371e+08  -3.97135e+08 0.00000e+00 
5.71713e-03 4.37529e+08  -4.37281e+08 0.00000e+00 
5.85321e-03 4.80635e+08  -4.80376e+08 0.00000e+00 
5.98928e-03 5.26835e+08  -5.26564e+08 0.00000e+00 
6.12535e-03 5.76303e+08  -5.76019e+08 0.00000e+00 
6.26141e-03 6.29186e+08  -6.28889e+08 0.00000e+00 
6.39748e-03 6.85608e+08  -6.85299e+08 0.00000e+00 
6.53354e-03 7.45727e+08  -7.45405e+08 0.00000e+00 
6.66961e-03 8.09727e+08  -8.09391e+08 0.00000e+00 
6.80566e-03 8.77770e+08  -8.77419e+08 0.00000e+00 
6.94172e-03 9.49996e+08  -9.49632e+08 0.00000e+00 
7.07778e-03 1.02657e+09  -1.02620e+09 0.00000e+00 
7.21383e-03 1.10770e+09  -1.10731e+09 0.00000e+00 
7.34988e-03 1.19355e+09  -1.19314e+09 0.00000e+00 
7.48593e-03 1.28427e+09  -1.28385e+09 0.00000e+00 
7.62197e-03 1.38006e+09  -1.37962e+09 0.00000e+00 
7.75801e-03 1.48112e+09  -1.48066e+09 0.00000e+00 
7.89406e-03 1.58763e+09  -1.58716e+09 0.00000e+00 
8.03009e-03 1.69976e+09  -1.69928e+09 0.00000e+00 
8.16613e-03 1.81772e+09  -1.81722e+09 0.00000e+00 
8.30217e-03 1.94172e+09  -1.94120e+09 0.00000e+00 
8.43820e-03 2.07196e+09  -2.07142e+09 0.00000e+00 
8.57423e-03 2.20863e+09  -2.20807e+09 0.00000e+00 
8.71026e-03 2.35193e+09  -2.35136e+09 0.00000e+00 
8.84628e-03 2.50209e+09  -2.50150e+09 0.00000e+00 
8.98231e-03 2.65934e+09  -2.65873e+09 0.00000e+00 
9.11833e-03 2.82386e+09  -2.82324e+09 0.00000e+00 
9.25435e-03 2.99589e+09  -2.99524e+09 0.00000e+00 
9.39036e-03 3.17565e+09  -3.17499e+09 0.00000e+00 
9.52638e-03 3.36339e+09  -3.36270e+09 0.00000e+00 
9.66239e-03 3.55931e+09  -3.55860e+09 0.00000e+00 
9.79840e-03 3.76365e+09  -3.76293e+09 0.00000e+00 
9.93441e-03 3.97666e+09  -3.97591e+09 0.00000e+00 
1.00704e-02 4.19857e+09  -4.19781e+09 0.00000e+00 
1.02064e-02 4.42964e+09  -4.42885e+09 0.00000e+00 
1.03424e-02 4.67009e+09  -4.66929e+09 0.00000e+00 
1.04784e-02 4.92019e+09  -4.91937e+09 0.00000e+00 
1.06144e-02 5.18020e+09  -5.17935e+09 0.00000e+00 
1.07504e-02 5.45036e+09  -5.44949e+09 0.00000e+00 
1.08864e-02 5.73093e+09  -5.73004e+09 0.00000e+00 
1.10224e-02 6.02218e+09  -6.02127e+09 0.00000e+00 
1.11584e-02 6.32439e+09  -6.32345e+09 0.00000e+00 
1.12944e-02 6.63781e+09  -6.63685e+09 0.00000e+00 
1.14303e-02 6.96271e+09  -6.96173e+09 0.00000e+00 
1.15663e-02 7.29939e+09  -7.29838e+09 0.00000e+00 
1.17023e-02 7.64811e+09  -7.64708e+09 0.00000e+00 
1.18383e-02 8.00916e+09  -8.00810e+09 0.00000e+00 
1.19743e-02 8.38282e+09  -8.38174e+09 0.00000e+00 
1.21102e-02 8.76938e+09  -8.76828e+09 0.00000e+00 
1.22462e-02 9.16915e+09  -9.16802e+09 0.00000e+00 
1.23822e-02 9.58240e+09  -9.58125e+09 0.00000e+00 
1.25181e-02 1.00094e+10  -1.00083e+10 0.00000e+00 
1.26541e-02 1.04506e+10  -1.04494e+10 0.00000e+00 
1.27901e-02 1.09061e+10  -1.09049e+10 0.00000e+00 
1.29260e-02 1.13764e+10  -1.13751e+10 0.00000e+00 
1.30620e-02 1.18616e+10  -1.18603e+10 0.00000e+00 
1.31979e-02 1.23622e+10  -1.23609e+10 0.00000e+00 
1.33339e-02 1.28785e+10  -1.28771e+10 0.00000e+00 
1.34698e-02 1.34107e+10  -1.34093e+10 0.00000e+00 
1.36058e-02 1.39592e+10  -1.39578e+10 0.00000e+00 
1.37417e-02 1.45244e+10  -1.45230e+10 0.00000e+00 
1.38777e-02 1.51065e+10  -1.51050e+10 0.00000e+00 
1.40136e-02 1.57059e+10  -1.57044e+10 0.00000e+00 
1.41496e-02 1.63229e+10  -1.63214e+10 0.00000e+00 
1.42855e-02 1.69579e+10  -1.69564e+10 0.00000e+00 
1.44214e-02 1.76112e+10  -1.76097e+10 0.00000e+00 
1.45574e-02 1.82832e+10  -1.82816e+10 0.00000e+00 
1.46933e-02 1.89742e+10  -1.89726e+10 0.00000e+00 
1.48292e-02 1.96845e+10  -1.96829e+10 0.00000e+00 
1.49651e-02 2.04146e+10  -2.04129e+10 0.00000e+00 
1.51011e-02 2.11647e+10  -2.11630e+10 0.00000e+00 
1.52370e-02 2.19353e+10  -2.19336e+10 0.00000e+00 
1.53729e-02 2.27267e+10  -2.27250e+10 0.00000e+00 
1.55088e-02 2.35393e+10  -2.35375e+10 0.00000e+00 
1.56447e-02 2.43735e+10  -2.43716e+10 0.00000e+00 
1.57807e-02 2.52295e+10  -2.52277e+10 0.00000e+00 
1.59166e-02 2.61079e+10  -2.61060e+10 0.00000e+00 
1.60525e-02 2.70090e+10  -2.70070e+10 0.00000e+00 
1.61884e-02 2.79331e+10  -2.79312e+10 0.00000e+00 
1.63243e-02 2.88807e+10  -2.88787e+10 0.00000e+00 
1.64602e-02 2.98522e+10  -2.98502e+10 0.00000e+00 
1.65961e-02 3.08479e+10  -3.08458e+10 0.00000e+00 
1.67320e-02 3.18682e+10  -3.18662e+10 0.00000e+00 
1.68679e-02 3.29137e+10  -3.29115e+10 0.00000e+00 
1.70038e-02 3.39845e+10  -3.39824e+10 0.00000e+00 
1.71397e-02 3.50812e+10  -3.50790e+10 0.00000e+00 
1.72756e-02 3.62042e+10  -3.62020e+10 0.00000e+00 
1.74114e-02 3.73539e+10  -3.73516e+10 0.00000e+00 
1.75473e-02 3.85307e+10  -3.85284e+10 0.00000e+00 
1.76832e-02 3.97350e+10  -3.97327e+10 0.00000e+00 
1.78191e-02 4.09673e+10  -4.09649e+10 0.00000e+00 
1.79550e-02 4.22279e+10  -4.22255e+10 0.00000e+00 
1.80908e-02 4.35173e+10  -4.35149e+10 0.00000e+00 
1.82267e-02 4.48360e+10  -4.48335e+10 0.00000e+00 
1.83626e-02 4.61843e+10  -4.61818e+10 0.00000e+00 
1.84985e-02 4.75627e+10  -4.75602e+10 0.00000e+00 
1.86343e-02 4.89717e+10  -4.89691e+10 0.00000e+00 
1.87702e-02 5.04117e+10  -5.04091e+10 0.00000e+00 
1.89060e-02 5.18832e+10  -5.18805e+10 0.00000e+00 
1.90419e-02 5.33865e+10  -5.33838e+10 0.00000e+00 
1.91778e-02 5.49222e+10  -5.49194e+10 0.00000e+00 
1.93136e-02 5.64907e+10  -5.64879e+10 0.00000e+00 
1.94495e-02 5.80925e+10  -5.80896e+10 0.00000e+00 
1.95853e-02 5.97280e+10  -5.97251e+10 0.00000e+00 
1.97212e-02 6.13977e+10  -6.13948e+10 0.00000e+00 
1.98570e-02 6.31021e+10  -6.30991e+10 0.00000e+00 
1.99929e-02 6.48416e+10  -6.48386e+10 0.00000e+00 
2.01287e-02 6.66167e+10  -6.66137e+10 0.00000e+00 
2.02645e-02 6.84280e+10  -6.84249e+10 0.00000e+00 
2.04004e-02 7.02758e+10  -7.02727e+10 0.00000e+00 
2.05362e-02 7.21608e+10  -7.21576e+10 0.00000e+00 
2.06721e-02 7.40832e+10  -7.40801e+10 0.00000e+00 
2.08079e-02 7.60438e+10  -7.60406e+10 0.00000e+00 
2.09437e-02 7.80429e+10  -7.80396e+10 0.00000e+00 
2.10795e-02 8.00810e+10  -8.00777e+10 0.00000e+00 
2.12154e-02 8.21587e+10  -8.21553e+10 0.00000e+00 
2.13512e-02 8.42764e+10  -8.42730e+10 0.00000e+00 
2.14870e-02 8.64347e+10  -8.64313e+10 0.00000e+00 
2.16228e-02 8.86341e+10  -8.86306e+10 0.00000e+00 
2.17586e-02 9.08750e+10  -9.08715e+10 0.00000e+00 
2.18945e-02 9.31581e+10  -9.31545e+10 0.00000e+00 
2.20303e-02 9.54838e+10  -9.54802e+10 0.00000e+00 
2.21661e-02 9.78526e+10  -9.78490e+10 0.00000e+00 
2.23019e-02 1.00265e+11  -1.00261e+11 0.00000e+00 
2.24377e-02 1.02722e+11  -1.02718e+11 0.00000e+00 
2.25735e-02 1.05223e+11  -1.05220e+11 0.00000e+00 
2.27093e-02 1.07770e+11  -1.07766e+11 0.00000e+00 
2.28451e-02 1.10363e+11  -1.10359e+11 0.00000e+00 
2.29809e-02 1.13001e+11  -1.12998e+11 0.00000e+00 
2.31167e-02 1.15687e+11  -1.15683e+11 0.00000e+00 
2.32525e-02 1.18420e+11  -1.18416e+11 0.00000e+00 
2.33883e-02 1.21202e+11  -1.21198e+11 0.00000e+00 
2.35241e-02 1.24032e+11  -1.24027e+11 0.00000e+00 
2.36598e-02 1.26910e+11  -1.26906e+11 0.00000e+00 
2.37956e-02 1.29839e+11  -1.29835e+11 0.00000e+00 
2.39314e-02 1.32818e+11  -1.32814e+11 0.00000e+00 
2.40672e-02 1.35847e+11  -1.35843e+11 0.00000e+00 
2.42030e-02 1.38928e+11  -1.38924e+11 0.00000e+00 
2.43387e-02 1.42061e+11  -1.42057e+11 0.00000e+00 
2.44745e-02 1.45247e+11  -1.45242e+11 0.00000e+00 
2.46103e-02 1.48485e+11  -1.48481e+11 0.00000e+00 
2.47460e-02 1.51777e+11  -1.51773e+11 0.00000e+00 
2.48818e-02 1.55124e+11  -1.55119e+11 0.00000e+00 
2.50176e-02 1.58525e+11  -1.58521e+11 0.00000e+00 
2.51533e-02 1.61982e+11  -1.61977e+11 0.00000e+00 
2.52891e-02 1.65495e+11  -1.65490e+11 0.00000e+00 
2.54249e-02 1.69064e+11  -1.69060e+11 0.00000e+00 
2.55606e-02 1.72691e+11  -1.72686e+11 0.00000e+00 
2.56964e-02 1.76376e+11  -1.76371e+11 0.00000e+00 
2.58321e-02 1.80119e+11  -1.80114e+11 0.00000e+00 
2.59679e-02 1.83921e+11  -1.83916e+11 0.00000e+00 
2.61036e-02 1.87782e+11  -1.87777e+11 0.00000e+00 
2.62393e-02 1.91704e+11  -1.91699e+11 0.00000e+00 
2.63751e-02 1.95687e+11  -1.95682e+11 0.00000e+00 
2.65108e-02 1.99732e+11  -1.99726e+11 0.00000e+00 
2.66466e-02 2.03838e+11  -2.03833e+11 0.00000e+00 
2.67823e-02 2.08007e+11  -2.08002e+11 0.00000e+00 
2.69180e-02 2.12240e+11  -2.12235e+11 0.00000e+00 
2.70538e-02 2.16537e+11  -2.16532e+11 0.00000e+00 
2.71895e-02 2.20898e+11  -2.20893e+11 0.00000e+00 
2.73252e-02 2.25325e+11  -2.25320e+11 0.00000e+00 
2.74609e-02 2.29818e+11  -2.29812e+11 0.00000e+00 
2.75967e-02 2.34377e+11  -2.34372e+11 0.00000e+00 
2.77324e-02 2.39004e+11  -2.38998e+11 0.00000e+00 
2.78681e-02 2.43699e+11  -2.43693e+11 0.00000e+00 
2.80038e-02 2.48462e+11  -2.48456e+11 0.00000e+00 
2.81395e-02 2.53294e+11  -2.53288e+11 0.00000e+00 
2.82752e-02 2.58196e+11  -2.58190e+11 0.00000e+00 
2.84109e-02 2.63169e+11  -2.63163e+11 0.00000e+00 
2.85467e-02 2.68213e+11  -2.68207e+11 0.00000e+00 
2.86824e-02 2.73329e+11  -2.73323e+11 0.00000e+00 
2.88181e-02 2.78517e+11  -2.78511e+11 0.00000e+00 
2.89538e-02 2.83779e+11  -2.83773e+11 0.00000e+00 
2.90895e-02 2.89114e+11  -2.89108e+11 0.00000e+00 
2.92252e-02 2.94524e+11  -2.94518e+11 0.00000e+00 
2.93608e-02 3.00010e+11  -3.00004e+11 0.00000e+00 
2.94965e-02 3.05571e+11  -3.05565e+11 0.00000e+00 
2.96322e-02 3.11209e+11  -3.11203e+11 0.00000e+00 
2.97679e-02 3.16925e+11  -3.16918e+11 0.00000e+00 
2.99036e-02 3.22718e+11  -3.22712e+11 0.00000e+00 
3.00393e-02 3.28591e+11  -3.28584e+11 0.00000e+00 
3.01750e-02 3.34542e+11  -3.34535e+11 0.00000e+00 
3.03106e-02 3.40574e+11  -3.40567e+11 0.00000e+00 
3.04463e-02 3.46687e+11  -3.46680e+11 0.00000e+00 
3.05820e-02 3.52881e+11  -3.52874e+11 0.00000e+00 
3.07177e-02 3.59158e+11  -3.59151e+11 0.00000e+00 
3.08533e-02 3.65517e+11  -3.65510e+11 0.00000e+00 
3.09890e-02 3.71961e+11  -3.71954e+11 0.00000e+00 
3.11247e-02 3.78489e+11  -3.78481e+11 0.00000e+00 
3.12603e-02 3.85102e+11  -3.85094e+11 0.00000e+00 
3.13960e-02 3.91801e+11  -3.91793e+11 0.00000e+00 
3.15316e-02 3.98586e+11  -3.98579e+11 0.00000e+00 
3.16673e-02 4.05459e+11  -4.05452e+11 0.00000e+00 
3.18029e-02 4.12420e+11  -4.12413e+11 0.00000e+00 
3.19386e-02 4.19470e+11  -4.19463e+11 0.00000e+00 
3.20742e-02 4.26610e+11  -4.26603e+11 0.00000e+00 
3.22099e-02 4.33840e+11  -4.33832e+11 0.00000e+00 
3.23455e-02 4.41161e+11  -4.41154e+11 0.00000e+00 
3.24812e-02 4.48574e+11  -4.48566e+11 0.00000e+00 
3.26168e-02 4.56080e+11  -4.56072e+11 0.00000e+00 
3.27525e-02 4.63679e+11  -4.63671e+11 0.00000e+00 
3.28881e-02 4.71372e+11  -4.71364e+11 0.00000e+00 
3.30237e-02 4.79160e+11  -4.79152e+11 0.00000e+00 
3.31594e-02 4.87044e+11  -4.87036e+11 0.00000e+00 
3.32950e-02 4.95024e+11  -4.95016e+11 0.00000e+00 
3.34306e-02 5.03102e+11  -5.03094e+11 0.00000e+00 
3.35662e-02 5.11277e+11  -5.11269e+11 0.00000e+00 
3.37019e-02 5.19552e+11  -5.19543e+11 0.00000e+00 
3.38375e-02 5.27925e+11  -5.27917e+11 0.00000e+00 
3.39731e-02 5.36400e+11  -5.36391e+11 0.00000e+00 
3.41087e-02 5.44975e+11  -5.44967e+11 0.00000e+00 
3.42443e-02 5.53653e+11  -5.53644e+11 0.00000e+00 
3.43800e-02 5.62433e+11  -5.62424e+11 0.00000e+00 
3.45156e-02 5.71316e+11  -5.71308e+11 0.00000e+00 
3.46512e-02 5.80304e+11  -5.80295e+11 0.00000e+00 
3.47868e-02 5.89397e+11  -5.89389e+11 0.00000e+00 
3.49224e-02 5.98597e+11  -5.98588e+11 0.00000e+00 
3.50580e-02 6.07902e+11  -6.07893e+11 0.00000e+00 
3.51936e-02 6.17316e+11  -6.17307e+11 0.00000e+00 
3.53292e-02 6.26838e+11  -6.26828e+11 0.00000e+00 
3.54648e-02 6.36469e+11  -6.36459e+11 0.00000e+00 
3.56004e-02 6.46210e+11  -6.46201e+11 0.00000e+00 
3.57360e-02 6.56062e+11  -6.56052e+11 0.00000e+00 
3.58715e-02 6.66025e+11  -6.66016e+11 0.00000e+00 
3.60071e-02 6.76102e+11  -6.76092e+11 0.00000e+00 
3.61427e-02 6.86291e+11  -6.86282e+11 0.00000e+00 
3.62783e-02 6.96595e+11  -6.96585e+11 0.00000e+00 
3.64139e-02 7.07014e+11  -7.07004e+11 0.00000e+00 
3.65495e-02 7.17548e+11  -7.17539e+11 0.00000e+00 
3.66850e-02 7.28200e+11  -7.28190e+11 0.00000e+00 
3.68206e-02 7.38969e+11  -7.38959e+11 0.00000e+00 
3.69562e-02 7.49856e+11  -7.49846e+11 0.00000e+00 
3.70917e-02 7.60863e+11  -7.60853e+11 0.00000e+00 
3.72273e-02 7.71989e+11  -7.71979e+11 0.00000e+00 
3.73629e-02 7.83237e+11  -7.83227e+11 0.00000e+00 
3.74984e-02 7.94607e+11  -7.94596e+11 0.00000e+00 
3.76340e-02 8.06099e+11  -8.06089e+11 0.00000e+00 
3.77696e-02 8.17715e+11  -8.17705e+11 0.00000e+00 
3.79051e-02 8.29455e+11  -8.29445e+11 0.00000e+00 
3.80407e-02 8.41321e+11  -8.41311e+11 0.00000e+00 
3.81762e-02 8.53313e+11  -8.53303e+11 0.00000e+00 
3.83118e-02 8.65432e+11  -8.65421e+11 0.00000e+00 
3.84473e-02 8.77679e+11  -8.77668e+11 0.00000e+00 
3.85829e-02 8.90055e+11  -8.90044e+11 0.00000e+00 
3.87184e-02 9.02561e+11  -9.02550e+11 0.00000e+00 
3.88539e-02 9.15197e+11  -9.15186e+11 0.00000e+00 
3.89895e-02 9.27965e+11  -9.27954e+11 0.00000e+00 
3.91250e-02 9.40865e+11  -9.40854e+11 0.00000e+00 
3.92605e-02 9.53899e+11  -9.53888e+11 0.00000e+00 
3.93961e-02 9.67067e+11  -9.67056e+11 0.00000e+00 
3.95316e-02 9.80370e+11  -9.80359e+11 0.00000e+00 
3.96671e-02 9.93809e+11  -9.93798e+11 0.00000e+00 
3.98027e-02 1.00739e+12  -1.00737e+12 0.00000e+00 
3.99382e-02 1.02110e+12  -1.02109e+12 0.00000e+00 
4.00737e-02 1.03495e+12  -1.03494e+12 0.00000e+00 
4.02092e-02 1.04894e+12  -1.04893e+12 0.00000e+00 
4.03447e-02 1.06308e+12  -1.06307e+12 0.00000e+00 
4.04803e-02 1.07735e+12  -1.07734e+12 0.00000e+00 
4.06158e-02 1.09177e+12  -1.09176e+12 0.00000e+00 
4.07513e-02 1.10633e+12  -1.10632e+12 0.00000e+00 
4.08868e-02 1.12104e+12  -1.12102e+12 0.00000e+00 
4.10223e-02 1.13589e+12  -1.13587e+12 0.00000e+00 
4.11578e-02 1.15088e+12  -1.15087e+12 0.00000e+00 
4.12933e-02 1.16603e+12  -1.16601e+12 0.00000e+00 
4.14288e-02 1.18132e+12  -1.18131e+12 0.00000e+00 
4.15643e-02 1.19676e+12  -1.19675e+12 0.00000e+00 
4.16998e-02 1.21235e+12  -1.21234e+12 0.00000e+00 
4.18353e-02 1.22809e+12  -1.22808e+12 0.00000e+00 
4.19708e-02 1.24399e+12  -1.24397e+12 0.00000e+00 
4.21063e-02 1.26003e+12  -1.26002e+12 0.00000e+00 
4.22417e-02 1.27624e+12  -1.27622e+12 0.00000e+00 
4.23772e-02 1.29259e+12  -1.29258e+12 0.00000e+00 
4.25127e-02 1.30910e+12  -1.30909e+12 0.00000e+00 
4.26482e-02 1.32577e+12  -1.32576e+12 0.00000e+00 
4.27837e-02 1.34260e+12  -1.34258e+12 0.00000e+00 
4.29191e-02 1.35958e+12  -1.35957e+12 0.00000e+00 
4.30546e-02 1.37673e+12  -1.37671e+12 0.00000e+00 
4.31901e-02 1.39403e+12  -1.39402e+12 0.00000e+00 
4.33256e-02 1.41150e+12  -1.41149e+12 0.00000e+00 
4.34610e-02 1.42913e+12  -1.42912e+12 0.00000e+00 
4.35965e-02 1.44692e+12  -1.44691e+12 0.00000e+00 
4.37319e-02 1.46488e+12  -1.46487e+12 0.00000e+00 
4.38674e-02 1.48301e+12  -1.48299e+12 0.00000e+00 
4.40029e-02 1.50130e+12  -1.50128e+12 0.00000e+00 
4.41383e-02 1.51975e+12  -1.51974e+12 0.00000e+00 
4.42738e-02 1.53838e+12  -1.53837e+12 0.00000e+00 
4.44092e-02 1.55718e+12  -1.55716e+12 0.00000e+00 
4.45447e-02 1.57615e+12  -1.57613e+12 0.00000e+00 
4.46801e-02 1.59529e+12  -1.59527e+12 0.00000e+00 
4.48156e-02 1.61460e+12  -1.61458e+12 0.00000e+00 
4.49510e-02 1.63408e+12  -1.63407e+12 0.00000e+00 
4.50864e-02 1.65374e+12  -1.65373e+12 0.00000e+00 
4.52219e-02 1.67358e+12  -1.67357e+12 0.00000e+00 
4.53573e-02 1.69359e+12  -1.69358e+12 0.00000e+00 
4.54928e-02 1.71378e+12  -1.71377e+12 0.00000e+00 
4.56282e-02 1.73415e+12  -1.73414e+12 0.00000e+00 
4.57636e-02 1.75470e+12  -1.75469e+12 0.00000e+00 
4.58990e-02 1.77544e+12  -1.77542e+12 0.00000e+00 
4.60345e-02 1.79635e+12  -1.79633e+12 0.00000e+00 
4.61699e-02 1.81744e+12  -1.81743e+12 0.00000e+00 
4.63053e-02 1.83873e+12  -1.83871e+12 0.00000e+00 
4.64407e-02 1.86019e+12  -1.86017e+12 0.00000e+00 
4.65761e-02 1.88184e+12  -1.88183e+12 0.00000e+00 
4.67116e-02 1.90368e+12  -1.90367e+12 0.00000e+00 
4.68470e-02 1.92571e+12  -1.92569e+12 0.00000e+00 
4.69824e-02 1.94793e+12  -1.94791e+12 0.00000e+00 
4.71178e-02 1.97033e+12  -1.97032e+12 0.00000e+00 
4.72532e-02 1.99293e+12  -1.99292e+12 0.00000e+00 
4.73886e-02 2.01572e+12  -2.01571e+12 0.00000e+00 
4.75240e-02 2.03871e+12  -2.03869e+12 0.00000e+00 
4.76594e-02 2.06189e+12  -2.06187e+12 0.00000e+00 
4.77948e-02 2.08527e+12  -2.08525e+12 0.00000e+00 
4.79302e-02 2.10884e+12  -2.10882e+12 0.00000e+00 
4.80656e-02 2.13261e+12  -2.13259e+12 0.00000e+00 
4.82010e-02 2.15658e+12  -2.15656e+12 0.00000e+00 
4.83364e-02 2.18075e+12  -2.18073e+12 0.00000e+00 
4.84718e-02 2.20512e+12  -2.20510e+12 0.00000e+00 
4.86071e-02 2.22970e+12  -2.22968e+12 0.00000e+00 
4.87425e-02 2.25447e+12  -2.25446e+12 0.00000e+00 
4.88779e-02 2.27945e+12  -2.27944e+12 0.00000e+00 
4.90133e-02 2.30464e+12  -2.30463e+12 0.00000e+00 
4.91487e-02 2.33004e+12  -2.33002e+12 0.00000e+00 
4.92840e-02 2.35564e+12  -2.35562e+12 0.00000e+00 
4.94194e-02 2.38145e+12  -2.38143e+12 0.00000e+00 
4.95548e-02 2.40747e+12  -2.40746e+12 0.00000e+00 
4.96901e-02 2.43371e+12  -2.43369e+12 0.00000e+00 
4.98255e-02 2.46015e+12  -2.46013e+12 0.00000e+00 
4.99609e-02 2.48681e+12  -2.48679e+12 0.00000e+00 
5.00962e-02 2.51369e+12  -2.51367e+12 0.00000e+00 
5.02316e-02 2.54078e+12  -2.54076e+12 0.00000e+00 
5.03669e-02 2.56808e+12  -2.56806e+12 0.00000e+00 
5.05023e-02 2.59561e+12  -2.59559e+12 0.00000e+00 
5.06376e-02 2.62335e+12  -2.62333e+12 0.00000e+00 
5.07730e-02 2.65131e+12  -2.65130e+12 0.00000e+00 
5.09083e-02 2.67950e+12  -2.67948e+12 0.00000e+00 
5.10437e-02 2.70791e+12  -2.70789e+12 0.00000e+00 
5.11790e-02 2.73654e+12  -2.73652e+12 0.00000e+00 
5.13144e-02 2.76540e+12  -2.76538e+12 0.00000e+00 
5.14497e-02 2.79448e+12  -2.79446e+12 0.00000e+00 
5.15850e-02 2.82379e+12  -2.82377e+12 0.00000e+00 
5.17204e-02 2.85333e+12  -2.85331e+12 0.00000e+00 
5.18557e-02 2.88310e+12  -2.88308e+12 0.00000e+00 
5.19910e-02 2.91310e+12  -2.91308e+12 0.00000e+00 
5.21264e-02 2.94333e+12  -2.94331e+12 0.00000e+00 
5.22617e-02 2.97379e+12  -2.97377e+12 0.00000e+00 
5.23970e-02 3.00449e+12  -3.00447e+12 0.00000e+00 
5.25323e-02 3.03542e+12  -3.03540e+12 0.00000e+00 
5.26677e-02 3.06659e+12  -3.06657e+12 0.00000e+00 
5.28030e-02 3.09800e+12  -3.09798e+12 0.00000e+00 
5.29383e-02 3.12965e+12  -3.12963e+12 0.00000e+00 
5.30736e-02 3.16154e+12  -3.16152e+12 0.00000e+00 
5.32089e-02 3.19366e+12  -3.19364e+12 0.00000e+00 
5.33442e-02 3.22604e+12  -3.22601e+12 0.00000e+00 
5.34795e-02 3.25865e+12  -3.25863e+12 0.00000e+00 
5.36148e-02 3.29151e+12  -3.29149e+12 0.00000e+00 
5.37501e-02 3.32462e+12  -3.32460e+12 0.00000e+00 
5.38854e-02 3.35797e+12  -3.35795e+12 0.00000e+00 
5.40207e-02 3.39157e+12  -3.39155e+12 0.00000e+00 
5.41560e-02 3.42542e+12  -3.42540e+12 0.00000e+00 
5.42913e-02 3.45953e+12  -3.45950e+12 0.00000e+00 
5.44266e-02 3.49388e+12  -3.49386e+12 0.00000e+00 
5.45619e-02 3.52849e+12  -3.52847e+12 0.00000e+00 
5.46972e-02 3.56335e+12  -3.56333e+12 0.00000e+00 
5.48325e-02 3.59847e+12  -3.59845e+12 0.00000e+00 
5.49677e-02 3.63385e+12  -3.63382e+12 0.00000e+00 
5.51030e-02 3.66948e+12  -3.66946e+12 0.00000e+00 
5.52383e-02 3.70537e+12  -3.70535e+12 0.00000e+00 
5.53736e-02 3.74153e+12  -3.74151e+12 0.00000e+00 
5.55089e-02 3.77795e+12  -3.77792e+12 0.00000e+00 
5.56441e-02 3.81462e+12  -3.81460e+12 0.00000e+00 
5.57794e-02 3.85157e+12  -3.85155e+12 0.00000e+00 
5.59147e-02 3.88878e+12  -3.88876e+12 0.00000e+00 
5.60499e-02 3.92626e+12  -3.92623e+12 0.00000e+00 
5.61852e-02 3.96400e+12  -3.96398e+12 0.00000e+00 
5.63205e-02 4.00202e+12  -4.00199e+12 0.00000e+00 
5.64557e-02 4.04030e+12  -4.04028e+12 0.00000e+00 
5.65910e-02 4.07886e+12  -4.07884e+12 0.00000e+00 
5.67262e-02 4.11769e+12  -4.11767e+12 0.00000e+00 
5.68615e-02 4.15680e+12  -4.15677e+12 0.00000e+00 
5.69967e-02 4.19618e+12  -4.19615e+12 0.00000e+00 
5.71320e-02 4.23583e+12  -4.23581e+12 0.00000e+00 
5.72672e-02 4.27577e+12  -4.27575e+12 0.00000e+00 
5.74025e-02 4.31599e+12  -4.31596e+12 0.00000e+00 
5.75377e-02 4.35648e+12  -4.35646e+12 0.00000e+00 
5.76729e-02 4.39726e+12  -4.39724e+12 0.00000e+00 
5.78082e-02 4.43833e+12  -4.43830e+12 0.00000e+00 
5.79434e-02 4.47967e+12  -4.47965e+12 0.00000e+00 
5.80787e-02 4.52131e+12  -4.52128e+12 0.00000e+00 
5.82139e-02 4.56323e+12  -4.56320e+12 0.00000e+00 
5.83491e-02 4.60544e+12  -4.60541e+12 0.00000e+00 
5.84843e-02 4.64794e+12  -4.64791e+12 0.00000e+00 
5.86196e-02 4.69073e+12  -4.69070e+12 0.00000e+00 
5.87548e-02 4.73381e+12  -4.73379e+12 0.00000e+00 
5.88900e-02 4.77719e+12  -4.77716e+12 0.00000e+00 
5.90252e-02 4.82086e+12  -4.82084e+12 0.00000e+00 
5.91604e-02 4.86483e+12  -4.86480e+12 0.00000e+00 
5.92957e-02 4.90910e+12  -4.90907e+12 0.00000e+00 
5.94309e-02 4.95366e+12  -4.95364e+12 0.00000e+00 
5.95661e-02 4.99853e+12  -4.99850e+12 0.00000e+00 
5.97013e-02 5.04369e+12  -5.04367e+12 0.00000e+00 
5.98365e-02 5.08917e+12  -5.08914e+12 0.00000e+00 
5.99717e-02 5.13494e+12  -5.13491e+12 0.00000e+00 
6.01069e-02 5.18102e+12  -5.18099e+12 0.00000e+00 
6.02421e-02 5.22741e+12  -5.22738e+12 0.00000e+00 
6.03773e-02 5.27410e+12  -5.27408e+12 0.00000e+00 
6.05125e-02 5.32111e+12  -5.32108e+12 0.00000e+00 
6.06477e-02 5.36843e+12  -5.36840e+12 0.00000e+00 
6.07829e-02 5.41606e+12  -5.41603e+12 0.00000e+00 
6.09180e-02 5.46400e+12  -5.46397e+12 0.00000e+00 
6.10532e-02 5.51226e+12  -5.51223e+12 0.00000e+00 
6.11884e-02 5.56083e+12  -5.56080e+12 0.00000e+00 
6.13236e-02 5.60972e+12  -5.60970e+12 0.00000e+00 
6.14588e-02 5.65893e+12  -5.65891e+12 0.00000e+00 
6.15940e-02 5.70847e+12  -5.70844e+12 0.00000e+00 
6.17291e-02 5.75832e+12  -5.75829e+12 0.00000e+00 
6.18643e-02 5.80850e+12  -5.80847e+12 0.00000e+00 
6.19995e-02 5.85900e+12  -5.85897e+12 0.00000e+00 
6.21346e-02 5.90982e+12  -5.90980e+12 0.00000e+00 
6.22698e-02 5.96098e+12  -5.96095e+12 0.00000e+00 
6.24050e-02 6.01246e+12  -6.01243e+12 0.00000e+00 
6.25401e-02 6.06427e+12  -6.06425e+12 0.00000e+00 
6.26753e-02 6.11642e+12  -6.11639e+12 0.00000e+00 
6.28104e-02 6.16890e+12  -6.16887e+12 0.00000e+00 
6.29456e-02 6.22171e+12  -6.22168e+12 0.00000e+00 
6.30808e-02 6.27486e+12  -6.27483e+12 0.00000e+00 
6.32159e-02 6.32834e+12  -6.32831e+12 0.00000e+00 
6.33511e-02 6.38216e+12  -6.38213e+12 0.00000e+00 
6.34862e-02 6.43632e+12  -6.43630e+12 0.00000e+00 
6.36213e-02 6.49083e+12  -6.49080e+12 0.00000e+00 
6.37565e-02 6.54567e+12  -6.54564e+12 0.00000e+00 
6.38916e-02 6.60086e+12  -6.60083e+12 0.00000e+00 
6.40268e-02 6.65640e+12  -6.65637e+12 0.00000e+00 
6.41619e-02 6.71228e+12  -6.71225e+12 0.00000e+00 
6.42970e-02 6.76851e+12  -6.76848e+12 0.00000e+00 
6.44322e-02 6.82509e+12  -6.82506e+12 0.00000e+00 
6.45673e-02 6.88202e+12  -6.88199e+12 0.00000e+00 
6.47024e-02 6.93931e+12  -6.93928e+12 0.00000e+00 
6.48376e-02 6.99694e+12  -6.99691e+12 0.00000e+00 
6.49727e-02 7.05493e+12  -7.05490e+12 0.00000e+00 
6.51078e-02 7.11328e+12  -7.11325e+12 0.00000e+00 
6.52429e-02 7.17199e+12  -7.17196e+12 0.00000e+00 
6.53780e-02 7.23106e+12  -7.23103e+12 0.00000e+00 
6.55131e-02 7.29049e+12  -7.29046e+12 0.00000e+00 
6.56483e-02 7.35028e+12  -7.35025e+12 0.00000e+00 
6.57834e-02 7.41043e+12  -7.41040e+12 0.00000e+00 
6.59185e-02 7.47095e+12  -7.47092e+12 0.00000e+00 
6.60536e-02 7.53184e+12  -7.53180e+12 0.00000e+00 
6.61887e-02 7.59309e+12  -7.59306e+12 0.00000e+00 
6.63238e-02 7.65471e+12  -7.65468e+12 0.00000e+00 
6.64589e-02 7.71671e+12  -7.71668e+12 0.00000e+00 
6.65940e-02 7.77908e+12  -7.77905e+12 0.00000e+00 
6.67291e-02 7.84182e+12  -7.84179e+12 0.00000e+00 
6.68642e-02 7.90494e+12  -7.90490e+12 0.00000e+00 
6.69993e-02 7.96843e+12  -7.96840e+12 0.00000e+00 
6.71344e-02 8.03230e+12  -8.03227e+12 0.00000e+00 
6.72694e-02 8.09656e+12  -8.09652e+12 0.00000e+00 
6.74045e-02 8.16119e+12  -8.16116e+12 0.00000e+00 
6.75396e-02 8.22621e+12  -8.22617e+12 0.00000e+00 
6.76747e-02 8.29161e+12  -8.29157e+12 0.00000e+00 
6.78098e-02 8.35739e+12  -8.35736e+12 0.00000e+00 
6.79448e-02 8.42357e+12  -8.42353e+12 0.00000e+00 
6.80799e-02 8.49013e+12  -8.49010e+12 0.00000e+00 
6.82150e-02 8.55708e+12  -8.55705e+12 0.00000e+00 
6.83501e-02 8.62443e+12  -8.62439e+12 0.00000e+00 
6.84851e-02 8.69216e+12  -8.69213e+12 0.00000e+00 
6.86202e-02 8.76030e+12  -8.76026e+12 0.00000e+00 
6.87553e-02 8.82883e+12  -8.82879e+12 0.00000e+00 
6.88903e-02 8.89775e+12  -8.89772e+12 0.00000e+00 
6.90254e-02 8.96708e+12  -8.96704e+12 0.00000e+00 
6.91604e-02 9.03680e+12  -9.03677e+12 0.00000e+00 
6.92955e-02 9.10693e+12  -9.10690e+12 0.00000e+00 
6.94305e-02 9.17746e+12  -9.17743e+12 0.00000e+00 
6.95656e-02 9.24840e+12  -9.24837e+12 0.00000e+00 
6.97006e-02 9.31974e+12  -9.31971e+12 0.00000e+00 
6.98357e-02 9.39150e+12  -9.39146e+12 0.00000e+00 
6.99707e-02 9.46366e+12  -9.46362e+12 0.00000e+00 
7.01058e-02 9.53623e+12  -9.53620e+12 0.00000e+00 
7.02408e-02 9.60922e+12  -9.60918e+12 0.00000e+00 
7.03758e-02 9.68262e+12  -9.68258e+12 0.00000e+00 
7.05109e-02 9.75643e+12  -9.75640e+12 0.00000e+00 
7.06459e-02 9.83067e+12  -9.83063e+12 0.00000e+00 
7.07809e-02 9.90532e+12  -9.90528e+12 0.00000e+00 
7.09160e-02 9.98039e+12  -9.98036e+12 0.00000e+00 
7.10510e-02 1.00559e+13  -1.00559e+13 0.00000e+00 
7.11860e-02 1.01318e+13  -1.01318e+13 0.00000e+00 
7.13211e-02 1.02081e+13  -1.02081e+13 0.00000e+00 
7.14561e-02 1.02849e+13  -1.02849e+13 0.00000e+00 
7.15911e-02 1.03621e+13  -1.03621e+13 0.00000e+00 
7.17261e-02 1.04397e+13  -1.04397e+13 0.00000e+00 
7.18611e-02 1.05178e+13  -1.05178e+13 0.00000e+00 
7.19961e-02 1.05963e+13  -1.05963e+13 0.00000e+00 
7.21311e-02 1.06752e+13  -1.06752e+13 0.00000e+00 
7.22662e-02 1.07546e+13  -1.07546e+13 0.00000e+00 
7.24012e-02 1.08344e+13  -1.08344e+13 0.00000e+00 
7.25362e-02 1.09146e+13  -1.09146e+13 0.00000e+00 
7.26712e-02 1.09953e+13  -1.09953e+13 0.00000e+00 
7.28062e-02 1.10764e+13  -1.10764e+13 0.00000e+00 
7.29412e-02 1.11580e+13  -1.11580e+13 0.00000e+00 
7.30762e-02 1.12400e+13  -1.12400e+13 0.00000e+00 
7.32111e-02 1.13225e+13  -1.13224e+13 0.00000e+00 
7.33461e-02 1.14054e+13  -1.14053e+13 0.00000e+00 
7.34811e-02 1.14887e+13  -1.14887e+13 0.00000e+00 
7.36161e-02 1.15725e+13  -1.15725e+13 0.00000e+00 
7.37511e-02 1.16568e+13  -1.16568e+13 0.00000e+00 
7.38861e-02 1.17415e+13  -1.17415e+13 0.00000e+00 
7.40211e-02 1.18267e+13  -1.18267e+13 0.00000e+00 
7.41560e-02 1.19123e+13  -1.19123e+13 0.00000e+00 
7.42910e-02 1.19984e+13  -1.19984e+13 0.00000e+00 
7.44260e-02 1.20850e+13  -1.20849e+13 0.00000e+00 
7.45610e-02 1.21720e+13  -1.21719e+13 0.00000e+00 
7.46959e-02 1.22595e+13  -1.22594e+13 0.00000e+00 
7.48309e-02 1.23474e+13  -1.23474e+13 0.00000e+00 
7.49659e-02 1.24358e+13  -1.24358e+13 0.00000e+00 
7.51008e-02 1.25247e+13  -1.25247e+13 0.00000e+00 
7.52358e-02 1.26141e+13  -1.26140e+13 0.00000e+00 
7.53707e-02 1.27039e+13  -1.27038e+13 0.00000e+00 
7.55057e-02 1.27942e+13  -1.27941e+13 0.00000e+00 
7.56406e-02 1.28850e+13  -1.28849e+13 0.00000e+00 
7.57756e-02 1.29762e+13  -1.29762e+13 0.00000e+00 
7.59106e-02 1.30680e+13  -1.30679e+13 0.00000e+00 
7.60455e-02 1.31602e+13  -1.31601e+13 0.00000e+00 
7.61804e-02 1.32529e+13  -1.32528e+13 0.00000e+00 
7.63154e-02 1.33460e+13  -1.33460e+13 0.00000e+00 
7.64503e-02 1.34397e+13  -1.34397e+13 0.00000e+00 
7.65853e-02 1.35339e+13  -1.35338e+13 0.00000e+00 
7.67202e-02 1.36285e+13  -1.36285e+13 0.00000e+00 
7.68551e-02 1.37236e+13  -1.37236e+13 0.00000e+00 
7.69901e-02 1.38193e+13  -1.38192e+13 0.00000e+00 
7.71250e-02 1.39154e+13  -1.39153e+13 0.00000e+00 
7.72599e-02 1.40120e+13  -1.40120e+13 0.00000e+00 
7.73949e-02 1.41091e+13  -1.41091e+13 0.00000e+00 
7.75298e-02 1.42067e+13  -1.42067e+13 0.00000e+00 
7.76647e-02 1.43048e+13  -1.43048e+13 0.00000e+00 
7.77996e-02 1.44034e+13  -1.44034e+13 0.00000e+00 
7.79345e-02 1.45026e+13  -1.45025e+13 0.00000e+00 
7.80695e-02 1.46022e+13  -1.46021e+13 0.00000e+00 
7.82044e-02 1.47023e+13  -1.47023e+13 0.00000e+00 
7.83393e-02 1.48030e+13  -1.48029e+13 0.00000e+00 
7.84742e-02 1.49041e+13  -1.49041e+13 0.00000e+00 
7.86091e-02 1.50058e+13  -1.50057e+13 0.00000e+00 
7.87440e-02 1.51079e+13  -1.51079e+13 0.00000e+00 
7.88789e-02 1.52106e+13  -1.52106e+13 0.00000e+00 
7.90138e-02 1.53138e+13  -1.53138e+13 0.00000e+00 
7.91487e-02 1.54176e+13  -1.54175e+13 0.00000e+00 
7.92836e-02 1.55218e+13  -1.55218e+13 0.00000e+00 
7.94185e-02 1.56266e+13  -1.56265e+13 0.00000e+00 
7.95534e-02 1.57319e+13  -1.57318e+13 0.00000e+00 
7.96883e-02 1.58377e+13  -1.58377e+13 0.00000e+00 
7.98232e-02 1.59441e+13  -1.59440e+13 0.00000e+00 
7.99581e-02 1.60509e+13  -1.60509e+13 0.00000e+00 
8.00929e-02 1.61583e+13  -1.61583e+13 0.00000e+00 
8.02278e-02 1.62663e+13  -1.62662e+13 0.00000e+00 
8.03627e-02 1.63748e+13  -1.63747e+13 0.00000e+00 
8.04976e-02 1.64838e+13  -1.64837e+13 0.00000e+00 
8.06325e-02 1.65933e+13  -1.65933e+13 0.00000e+00 
8.07673e-02 1.67034e+13  -1.67034e+13 0.00000e+00 
8.09022e-02 1.68140e+13  -1.68140e+13 0.00000e+00 
8.10371e-02 1.69252e+13  -1.69252e+13 0.00000e+00 
8.11719e-02 1.70369e+13  -1.70369e+13 0.00000e+00 
8.13068e-02 1.71492e+13  -1.71491e+13 0.00000e+00 
8.14417e-02 1.72620e+13  -1.72619e+13 0.00000e+00 
8.15765e-02 1.73754e+13  -1.73753e+13 0.00000e+00 
8.17114e-02 1.74893e+13  -1.74892e+13 0.00000e+00 
8.18462e-02 1.76037e+13  -1.76037e+13 0.00000e+00 
8.19811e-02 1.77188e+13  -1.77187e+13 0.00000e+00 
8.21159e-02 1.78343e+13  -1.78343e+13 0.00000e+00 
8.22508e-02 1.79505e+13  -1.79504e+13 0.00000e+00 
8.23856e-02 1.80672e+13  -1.80671e+13 0.00000e+00 
8.25205e-02 1.81844e+13  -1.81844e+13 0.00000e+00 
8.26553e-02 1.83022e+13  -1.83022e+13 0.00000e+00 
8.27902e-02 1.84206e+13  -1.84206e+13 0.00000e+00 
8.29250e-02 1.85396e+13  -1.85395e+13 0.00000e+00 
8.30599e-02 1.86591e+13  -1.86591e+13 0.00000e+00 
8.31947e-02 1.87792e+13  -1.87791e+13 0.00000e+00 
8.33295e-02 1.88999e+13  -1.88998e+13 0.00000e+00 
8.34644e-02 1.90211e+13  -1.90211e+13 0.00000e+00 
8.35992e-02 1.91429e+13  -1.91429e+13 0.00000e+00 
8.37340e-02 1.92653e+13  -1.92653e+13 0.00000e+00 
8.38688e-02 1.93883e+13  -1.93882e+13 0.00000e+00 
8.40037e-02 1.95119e+13  -1.95118e+13 0.00000e+00 
8.41385e-02 1.96360e+13  -1.96359e+13 0.00000e+00 
8.42733e-02 1.97607e+13  -1.97607e+13 0.00000e+00 
8.44081e-02 1.98860e+13  -1.98860e+13 0.00000e+00 
8.45429e-02 2.00119e+13  -2.00119e+13 0.00000e+00 
8.46777e-02 2.01384e+13  -2.01384e+13 0.00000e+00 
8.48125e-02 2.02655e+13  -2.02654e+13 0.00000e+00 
8.49474e-02 2.03932e+13  -2.03931e+13 0.00000e+00 
8.50822e-02 2.05214e+13  -2.05214e+13 0.00000e+00 
8.52170e-02 2.06503e+13  -2.06503e+13 0.00000e+00 
8.53518e-02 2.07798e+13  -2.07797e+13 0.00000e+00 
8.54866e-02 2.09099e+13  -2.09098e+13 0.00000e+00 
8.56214e-02 2.10405e+13  -2.10405e+13 0.00000e+00 
8.57562e-02 2.11718e+13  -2.11718e+13 0.00000e+00 
8.58909e-02 2.13037e+13  -2.13036e+13 0.00000e+00 
8.60257e-02 2.14362e+13  -2.14361e+13 0.00000e+00 
8.61605e-02 2.15693e+13  -2.15692e+13 0.00000e+00 
8.62953e-02 2.17030e+13  -2.17029e+13 0.00000e+00 
8.64301e-02 2.18373e+13  -2.18373e+13 0.00000e+00 
8.65649e-02 2.19723e+13  -2.19722e+13 0.00000e+00 
8.66997e-02 2.21078e+13  -2.21078e+13 0.00000e+00 
8.68344e-02 2.22440e+13  -2.22440e+13 0.00000e+00 
8.69692e-02 2.23808e+13  -2.23808e+13 0.00000e+00 
8.71040e-02 2.25182e+13  -2.25182e+13 0.00000e+00 
8.72388e-02 2.26563e+13  -2.26562e+13 0.00000e+00 
8.73735e-02 2.27950e+13  -2.27949e+13 0.00000e+00 
8.75083e-02 2.29343e+13  -2.29342e+13 0.00000e+00 
8.76431e-02 2.30742e+13  -2.30742e+13 0.00000e+00 
8.77778e-02 2.32148e+13  -2.32147e+13 0.00000e+00 
8.79126e-02 2.33560e+13  -2.33559e+13 0.00000e+00 
8.80473e-02 2.34978e+13  -2.34978e+13 0.00000e+00 
8.81821e-02 2.36403e+13  -2.36402e+13 0.00000e+00 
8.83169e-02 2.37834e+13  -2.37833e+13 0.00000e+00 
8.84516e-02 2.39272e+13  -2.39271e+13 0.00000e+00 
8.85864e-02 2.40716e+13  -2.40715e+13 0.00000e+00 
8.87211e-02 2.42166e+13  -2.42165e+13 0.00000e+00 
8.88558e-02 2.43623e+13  -2.43622e+13 0.00000e+00 
8.89906e-02 2.45086e+13  -2.45086e+13 0.00000e+00 
8.91253e-02 2.46556e+13  -2.46556e+13 0.00000e+00 
8.92601e-02 2.48033e+13  -2.48032e+13 0.00000e+00 
8.93948e-02 2.49516e+13  -2.49515e+13 0.00000e+00 
8.95295e-02 2.51005e+13  -2.51005e+13 0.00000e+00 
8.96643e-02 2.52501e+13  -2.52501e+13 0.00000e+00 
8.97990e-02 2.54004e+13  -2.54003e+13 0.00000e+00 
8.99337e-02 2.55513e+13  -2.55513e+13 0.00000e+00 
9.00685e-02 2.57029e+13  -2.57029e+13 0.00000e+00 
9.02032e-02 2.58552e+13  -2.58551e+13 0.00000e+00 
9.03379e-02 2.60081e+13  -2.60081e+13 0.00000e+00 
9.04726e-02 2.61617e+13  -2.61617e+13 0.00000e+00 
9.06074e-02 2.63160e+13  -2.63160e+13 0.00000e+00 
9.07421e-02 2.64710e+13  -2.64709e+13 0.00000e+00 
9.08768e-02 2.66266e+13  -2.66265e+13 0.00000e+00 
9.10115e-02 2.67829e+13  -2.67828e+13 0.00000e+00 
9.11462e-02 2.69399e+13  -2.69398e+13 0.00000e+00 
9.12809e-02 2.70975e+13  -2.70975e+13 0.00000e+00 
9.14156e-02 2.72559e+13  -2.72558e+13 0.00000e+00 
9.15503e-02 2.74149e+13  -2.74148e+13 0.00000e+00 
9.16850e-02 2.75746e+13  -2.75745e+13 0.00000e+00 
9.18197e-02 2.77350e+13  -2.77349e+13 0.00000e+00 
9.19544e-02 2.78961e+13  -2.78960e+13 0.00000e+00 
9.20891e-02 2.80579e+13  -2.80578e+13 0.00000e+00 
9.22238e-02 2.82204e+13  -2.82203e+13 0.00000e+00 
9.23585e-02 2.83835e+13  -2.83835e+13 0.00000e+00 
9.24932e-02 2.85474e+13  -2.85473e+13 0.00000e+00 
9.26279e-02 2.87120e+13  -2.87119e+13 0.00000e+00 
9.27626e-02 2.88772e+13  -2.88772e+13 0.00000e+00 
9.28972e-02 2.90432e+13  -2.90432e+13 0.00000e+00 
9.30319e-02 2.92099e+13  -2.92099e+13 0.00000e+00 
9.31666e-02 2.93773e+13  -2.93772e+13 0.00000e+00 
9.33013e-02 2.95454e+13  -2.95454e+13 0.00000e+00 
9.34360e-02 2.97142e+13  -2.97142e+13 0.00000e+00 
9.35706e-02 2.98838e+13  -2.98837e+13 0.00000e+00 
9.37053e-02 3.00540e+13  -3.00539e+13 0.00000e+00 
9.38400e-02 3.02250e+13  -3.02249e+13 0.00000e+00 
9.39746e-02 3.03966e+13  -3.03966e+13 0.00000e+00 
9.41093e-02 3.05690e+13  -3.05690e+13 0.00000e+00 
9.42440e-02 3.07422e+13  -3.07421e+13 0.00000e+00 
9.43786e-02 3.09160e+13  -3.09160e+13 0.00000e+00 
9.45133e-02 3.10906e+13  -3.10905e+13 0.00000e+00 
9.46479e-02 3.12659e+13  -3.12659e+13 0.00000e+00 
9.47826e-02 3.14420e+13  -3.14419e+13 0.00000e+00 
9.49172e-02 3.16187e+13  -3.16187e+13 0.00000e+00 
9.50519e-02 3.17962e+13  -3.17962e+13 0.00000e+00 
9.51865e-02 3.19745e+13  -3.19744e+13 0.00000e+00 
9.53212e-02 3.21535e+13  -3.21534e+13 0.00000e+00 
9.54558e-02 3.23332e+13  -3.23331e+13 0.00000e+00 
9.55905e-02 3.25137e+13  -3.25136e+13 0.00000e+00 
9.57251e-02 3.26949e+13  -3.26948e+13 0.00000e+00 
9.58597e-02 3.28768e+13  -3.28768e+13 0.00000e+00 
9.59944e-02 3.30595e+13  -3.30595e+13 0.00000e+00 
9.61290e-02 3.32430e+13  -3.32429e+13 0.00000e+00 
9.62636e-02 3.34272e+13  -3.34272e+13 0.00000e+00 
9.63983e-02 3.36122e+13  -3.36121e+13 0.00000e+00 
9.65329e-02 3.37979e+13  -3.37979e+13 0.00000e+00 
9.66675e-02 3.39844e+13  -3.39843e+13 0.00000e+00 
9.68021e-02 3.41717e+13  -3.41716e+13 0.00000e+00 
9.69367e-02 3.43597e+13  -3.43596e+13 0.00000e+00 
9.70714e-02 3.45484e+13  -3.45484e+13 0.00000e+00 
9.72060e-02 3.47380e+13  -3.47379e+13 0.00000e+00 
9.73406e-02 3.49283e+13  -3.49282e+13 0.00000e+00 
9.74752e-02 3.51194e+13  -3.51193e+13 0.00000e+00 
9.76098e-02 3.53112e+13  -3.53112e+13 0.00000e+00 
9.77444e-02 3.55039e+13  -3.55038e+13 0.00000e+00 
9.78790e-02 3.56973e+13  -3.56972e+13 0.00000e+00 
9.80136e-02 3.58915e+13  -3.58914e+13 0.00000e+00 
9.81482e-02 3.60864e+13  -3.60864e+13 0.00000e+00 
9.82828e-02 3.62822e+13  -3.62821e+13 0.00000e+00 
9.84174e-02 3.64787e+13  -3.64786e+13 0.00000e+00 
9.85520e-02 3.66760e+13  -3.66760e+13 0.00000e+00 
9.86866e-02 3.68742e+13  -3.68741e+13 0.00000e+00 
9.88212e-02 3.70731e+13  -3.70730e+13 0.00000e+00 
9.89558e-02 3.72728e+13  -3.72727e+13 0.00000e+00 
9.90904e-02 3.74733e+13  -3.74732e+13 0.00000e+00 
9.92249e-02 3.76745e+13  -3.76745e+13 0.00000e+00 
9.93595e-02 3.78766e+13  -3.78766e+13 0.00000e+00 
9.94941e-02 3.80795e+13  -3.80795e+13 0.00000e+00 
9.96287e-02 3.82832e+13  -3.82832e+13 0.00000e+00 
9.97633e-02 3.84877e+13  -3.84877e+13 0.00000e+00 
9.98978e-02 3.86930e+13  -3.86930e+13 0.00000e+00 
