2.72331e-05 1.03178e+02  1.81454e-09 0.00000e+00 
5.44663e-05 1.61219e+03  -1.21865e+03 0.00000e+00 
8.16994e-05 7.84818e+03  -7.02973e+03 0.00000e+00 
1.08932e-04 2.34982e+04  -2.21927e+04 0.00000e+00 
1.36165e-04 5.35900e+04  -5.18090e+04 0.00000e+00 
1.63398e-04 1.02484e+05  -1.00295e+05 0.00000e+00 
1.90630e-04 1.73159e+05  -1.70655e+05 0.00000e+00 
2.17861e-04 2.67005e+05  -2.64270e+05 0.00000e+00 
2.45091e-04 3.84167e+05  -3.81244e+05 0.00000e+00 
2.72320e-04 5.24375e+05  -5.21247e+05 0.00000e+00 
2.99547e-04 6.88028e+05  -6.84623e+05 0.00000e+00 
3.26772e-04 8.77271e+05  -8.73471e+05 0.00000e+00 
3.53996e-04 1.09680e+06  -1.09246e+06 0.00000e+00 
3.81218e-04 1.35418e+06  -1.34920e+06 0.00000e+00 
4.08439e-04 1.65978e+06  -1.65404e+06 0.00000e+00 
4.35657e-04 2.02614e+06  -2.01958e+06 0.00000e+00 
4.62874e-04 2.46730e+06  -2.45989e+06 0.00000e+00 
4.90090e-04 2.99807e+06  -2.98980e+06 0.00000e+00 
5.17305e-04 3.63363e+06  -3.62445e+06 0.00000e+00 
5.44519e-04 4.38935e+06  -4.37918e+06 0.00000e+00 
5.71732e-04 5.28110e+06  -5.26979e+06 0.00000e+00 
5.98945e-04 6.32560e+06  -6.31297e+06 0.00000e+00 
6.26158e-04 7.54081e+06  -7.52665e+06 0.00000e+00 
6.53370e-04 8.94605e+06  -8.93014e+06 0.00000e+00 
6.80583e-04 1.05616e+07  -1.05438e+07 0.00000e+00 
7.07795e-04 1.24081e+07  -1.23883e+07 0.00000e+00 
7.35008e-04 1.45050e+07  -1.44832e+07 0.00000e+00 
7.62220e-04 1.68699e+07  -1.68462e+07 0.00000e+00 
7.89432e-04 1.95170e+07  -1.94916e+07 0.00000e+00 
8.16644e-04 2.24570e+07  -2.24301e+07 0.00000e+00 
8.43854e-04 2.56970e+07  -2.56689e+07 0.00000e+00 
8.71064e-04 2.92418e+07  -2.92125e+07 0.00000e+00 
8.98272e-04 3.30953e+07  -3.30649e+07 0.00000e+00 
9.25479e-04 3.72625e+07  -3.72310e+07 0.00000e+00 
9.52685e-04 4.17518e+07  -4.17191e+07 0.00000e+00 
9.79888e-04 4.65764e+07  -4.65425e+07 0.00000e+00 
1.00709e-03 5.17558e+07  -5.17203e+07 0.00000e+00 
1.03429e-03 5.73153e+07  -5.72782e+07 0.00000e+00 
1.06149e-03 6.32868e+07  -6.32479e+07 0.00000e+00 
1.08869e-03 6.97070e+07  -6.96661e+07 0.00000e+00 
1.11588e-03 7.66165e+07  -7.65735e+07 0.00000e+00 
1.14307e-03 8.40586e+07  -8.40135e+07 0.00000e+00 
1.17027e-03 9.20784e+07  -9.20308e+07 0.00000e+00 
1.19746e-03 1.00721e+08  -1.00671e+08 0.00000e+00 
1.22465e-03 1.10032e+08  -1.09979e+08 0.00000e+00 
1.25185e-03 1.20055e+08  -1.19998e+08 0.00000e+00 
1.27904e-03 1.30831e+08  -1.30772e+08 0.00000e+00 
1.30623e-03 1.42401e+08  -1.42338e+08 0.00000e+00 
1.33342e-03 1.54798e+08  -1.54731e+08 0.00000e+00 
1.36061e-03 1.68050e+08  -1.67980e+08 0.00000e+00 
1.38781e-03 1.82180e+08  -1.82106e+08 0.00000e+00 
1.41500e-03 1.97201e+08  -1.97124e+08 0.00000e+00 
1.44219e-03 2.13121e+08  -2.13042e+08 0.00000e+00 
1.46938e-03 2.29942e+08  -2.29860e+08 0.00000e+00 
1.49657e-03 2.47663e+08  -2.47579e+08 0.00000e+00 
1.52376e-03 2.66283e+08  -2.66198e+08 0.00000e+00 
1.55094e-03 2.85805e+08  -2.85718e+08 0.00000e+00 
1.57813e-03 3.06239e+08  -3.06150e+08 0.00000e+00 
1.60531e-03 3.27606e+08  -3.27514e+08 0.00000e+00 
1.63249e-03 3.49937e+08  -3.49843e+08 0.00000e+00 
1.65967e-03 3.73276e+08  -3.73180e+08 0.00000e+00 
1.68685e-03 3.97683e+08  -3.97584e+08 0.00000e+00 
1.71403e-03 4.23223e+08  -4.23121e+08 0.00000e+00 
1.74120e-03 4.49973e+08  -4.49868e+08 0.00000e+00 
1.76838e-03 4.78015e+08  -4.77907e+08 0.00000e+00 
1.79555e-03 5.07434e+08  -5.07321e+08 0.00000e+00 
1.82272e-03 5.38312e+08  -5.38196e+08 0.00000e+00 
1.84989e-03 5.70733e+08  -5.70612e+08 0.00000e+00 
1.87707e-03 6.04770e+08  -6.04644e+08 0.00000e+00 
1.90424e-03 6.40491e+08  -6.40360e+08 0.00000e+00 
1.93141e-03 6.77954e+08  -6.77818e+08 0.00000e+00 
1.95858e-03 7.17203e+08  -7.17061e+08 0.00000e+00 
1.98575e-03 7.58269e+08  -7.58123e+08 0.00000e+00 
2.01292e-03 8.01172e+08  -8.01021e+08 0.00000e+00 
2.04010e-03 8.45914e+08  -8.45759e+08 0.00000e+00 
2.06727e-03 8.92490e+08  -8.92331e+08 0.00000e+00 
2.09444e-03 9.40884e+08  -9.40722e+08 0.00000e+00 
2.12161e-03 9.91081e+08  -9.90915e+08 0.00000e+00 
2.14877e-03 1.04306e+09  -1.04290e+09 0.00000e+00 
2.17594e-03 1.09683e+09  -1.09666e+09 0.00000e+00 
2.20311e-03 1.15238e+09  -1.15220e+09 0.00000e+00 
2.23027e-03 1.20974e+09  -1.20956e+09 0.00000e+00 
2.25743e-03 1.26896e+09  -1.26878e+09 0.00000e+00 
2.28459e-03 1.33011e+09  -1.32992e+09 0.00000e+00 
2.31175e-03 1.39327e+09  -1.39308e+09 0.00000e+00 
2.33890e-03 1.45855e+09  -1.45836e+09 0.00000e+00 
2.36606e-03 1.52608e+09  -1.52588e+09 0.00000e+00 
2.39321e-03 1.59598e+09  -1.59578e+09 0.00000e+00 
2.42037e-03 1.66839e+09  -1.66818e+09 0.00000e+00 
2.44752e-03 1.74344e+09  -1.74323e+09 0.00000e+00 
2.47467e-03 1.82125e+09  -1.82104e+09 0.00000e+00 
2.50182e-03 1.90195e+09  -1.90172e+09 0.00000e+00 
2.52897e-03 1.98561e+09  -1.98538e+09 0.00000e+00 
2.55612e-03 2.07232e+09  -2.07209e+09 0.00000e+00 
2.58328e-03 2.16214e+09  -2.16189e+09 0.00000e+00 
2.61043e-03 2.25508e+09  -2.25483e+09 0.00000e+00 
2.63758e-03 2.35116e+09  -2.35090e+09 0.00000e+00 
2.66473e-03 2.45035e+09  -2.45009e+09 0.00000e+00 
2.69188e-03 2.55264e+09  -2.55237e+09 0.00000e+00 
2.71903e-03 2.65797e+09  -2.65770e+09 0.00000e+00 
2.74618e-03 2.76630e+09  -2.76602e+09 0.00000e+00 
2.77333e-03 2.87759e+09  -2.87731e+09 0.00000e+00 
2.80047e-03 2.99182e+09  -2.99154e+09 0.00000e+00 
2.82762e-03 3.10899e+09  -3.10871e+09 0.00000e+00 
2.85476e-03 3.22913e+09  -3.22884e+09 0.00000e+00 
2.88190e-03 3.35229e+09  -3.35200e+09 0.00000e+00 
2.90904e-03 3.47858e+09  -3.47829e+09 0.00000e+00 
2.93618e-03 3.60812e+09  -3.60782e+09 0.00000e+00 
2.96331e-03 3.74107e+09  -3.74076e+09 0.00000e+00 
2.99045e-03 3.87760e+09  -3.87728e+09 0.00000e+00 
3.01758e-03 4.01790e+09  -4.01758e+09 0.00000e+00 
3.04472e-03 4.16217e+09  -4.16184e+09 0.00000e+00 
3.07185e-03 4.31059e+09  -4.31026e+09 0.00000e+00 
3.09898e-03 4.46335e+09  -4.46301e+09 0.00000e+00 
3.12611e-03 4.62060e+09  -4.62025e+09 0.00000e+00 
3.15324e-03 4.78245e+09  -4.78210e+09 0.00000e+00 
3.18037e-03 4.94902e+09  -4.94865e+09 0.00000e+00 
3.20750e-03 5.12034e+09  -5.11997e+09 0.00000e+00 
3.23464e-03 5.29645e+09  -5.29607e+09 0.00000e+00 
3.26177e-03 5.47732e+09  -5.47693e+09 0.00000e+00 
3.28890e-03 5.66290e+09  -5.66251e+09 0.00000e+00 
3.31603e-03 5.85314e+09  -5.85275e+09 0.00000e+00 
3.34316e-03 6.04795e+09  -6.04755e+09 0.00000e+00 
3.37029e-03 6.24724e+09  -6.24684e+09 0.00000e+00 
3.39741e-03 6.45095e+09  -6.45054e+09 0.00000e+00 
3.42454e-03 6.65903e+09  -6.65862e+09 0.00000e+00 
3.45167e-03 6.87147e+09  -6.87105e+09 0.00000e+00 
3.47879e-03 7.08830e+09  -7.08787e+09 0.00000e+00 
3.50591e-03 7.30959e+09  -7.30916e+09 0.00000e+00 
3.53303e-03 7.53548e+09  -7.53504e+09 0.00000e+00 
3.56015e-03 7.76613e+09  -7.76570e+09 0.00000e+00 
3.58726e-03 8.00177e+09  -8.00133e+09 0.00000e+00 
3.61438e-03 8.24264e+09  -8.24219e+09 0.00000e+00 
3.64149e-03 8.48899e+09  -8.48853e+09 0.00000e+00 
3.66860e-03 8.74109e+09  -8.74062e+09 0.00000e+00 
3.69572e-03 8.99919e+09  -8.99871e+09 0.00000e+00 
3.72283e-03 9.26353e+09  -9.26305e+09 0.00000e+00 
3.74994e-03 9.53432e+09  -9.53382e+09 0.00000e+00 
3.77705e-03 9.81170e+09  -9.81119e+09 0.00000e+00 
3.80416e-03 1.00958e+10  -1.00953e+10 0.00000e+00 
3.83127e-03 1.03866e+10  -1.03861e+10 0.00000e+00 
3.85838e-03 1.06842e+10  -1.06837e+10 0.00000e+00 
3.88549e-03 1.09885e+10  -1.09880e+10 0.00000e+00 
3.91261e-03 1.12995e+10  -1.12989e+10 0.00000e+00 
3.93972e-03 1.16169e+10  -1.16164e+10 0.00000e+00 
3.96683e-03 1.19408e+10  -1.19402e+10 0.00000e+00 
3.99393e-03 1.22709e+10  -1.22703e+10 0.00000e+00 
4.02104e-03 1.26071e+10  -1.26065e+10 0.00000e+00 
4.04815e-03 1.29494e+10  -1.29488e+10 0.00000e+00 
4.07525e-03 1.32977e+10  -1.32971e+10 0.00000e+00 
4.10235e-03 1.36520e+10  -1.36515e+10 0.00000e+00 
4.12946e-03 1.40126e+10  -1.40120e+10 0.00000e+00 
4.15655e-03 1.43795e+10  -1.43789e+10 0.00000e+00 
4.18365e-03 1.47529e+10  -1.47523e+10 0.00000e+00 
4.21075e-03 1.51332e+10  -1.51326e+10 0.00000e+00 
4.23784e-03 1.55207e+10  -1.55201e+10 0.00000e+00 
4.26494e-03 1.59157e+10  -1.59150e+10 0.00000e+00 
4.29203e-03 1.63185e+10  -1.63179e+10 0.00000e+00 
4.31912e-03 1.67295e+10  -1.67289e+10 0.00000e+00 
4.34621e-03 1.71490e+10  -1.71483e+10 0.00000e+00 
4.37330e-03 1.75772e+10  -1.75765e+10 0.00000e+00 
4.40040e-03 1.80144e+10  -1.80137e+10 0.00000e+00 
4.42749e-03 1.84605e+10  -1.84598e+10 0.00000e+00 
4.45458e-03 1.89158e+10  -1.89151e+10 0.00000e+00 
4.48167e-03 1.93801e+10  -1.93794e+10 0.00000e+00 
4.50876e-03 1.98534e+10  -1.98527e+10 0.00000e+00 
4.53585e-03 2.03355e+10  -2.03348e+10 0.00000e+00 
4.56294e-03 2.08263e+10  -2.08256e+10 0.00000e+00 
4.59003e-03 2.13255e+10  -2.13248e+10 0.00000e+00 
4.61712e-03 2.18330e+10  -2.18323e+10 0.00000e+00 
4.64421e-03 2.23486e+10  -2.23479e+10 0.00000e+00 
4.67129e-03 2.28723e+10  -2.28715e+10 0.00000e+00 
4.69838e-03 2.34038e+10  -2.34031e+10 0.00000e+00 
4.72546e-03 2.39434e+10  -2.39426e+10 0.00000e+00 
4.75254e-03 2.44911e+10  -2.44903e+10 0.00000e+00 
4.77962e-03 2.50471e+10  -2.50463e+10 0.00000e+00 
4.80670e-03 2.56118e+10  -2.56110e+10 0.00000e+00 
4.83377e-03 2.61855e+10  -2.61847e+10 0.00000e+00 
4.86085e-03 2.67686e+10  -2.67678e+10 0.00000e+00 
4.88792e-03 2.73615e+10  -2.73607e+10 0.00000e+00 
4.91500e-03 2.79647e+10  -2.79639e+10 0.00000e+00 
4.94207e-03 2.85787e+10  -2.85778e+10 0.00000e+00 
4.96914e-03 2.92036e+10  -2.92028e+10 0.00000e+00 
4.99621e-03 2.98399e+10  -2.98391e+10 0.00000e+00 
5.02328e-03 3.04878e+10  -3.04870e+10 0.00000e+00 
5.05035e-03 3.11474e+10  -3.11465e+10 0.00000e+00 
5.07743e-03 3.18187e+10  -3.18178e+10 0.00000e+00 
5.10450e-03 3.25017e+10  -3.25008e+10 0.00000e+00 
5.13157e-03 3.31962e+10  -3.31953e+10 0.00000e+00 
5.15864e-03 3.39020e+10  -3.39011e+10 0.00000e+00 
5.18571e-03 3.46189e+10  -3.46179e+10 0.00000e+00 
5.21278e-03 3.53465e+10  -3.53456e+10 0.00000e+00 
5.23985e-03 3.60847e+10  -3.60837e+10 0.00000e+00 
5.26692e-03 3.68332e+10  -3.68322e+10 0.00000e+00 
5.29398e-03 3.75919e+10  -3.75909e+10 0.00000e+00 
5.32105e-03 3.83607e+10  -3.83597e+10 0.00000e+00 
5.34811e-03 3.91397e+10  -3.91387e+10 0.00000e+00 
5.37517e-03 3.99290e+10  -3.99280e+10 0.00000e+00 
5.40223e-03 4.07290e+10  -4.07280e+10 0.00000e+00 
5.42929e-03 4.15399e+10  -4.15389e+10 0.00000e+00 
5.45634e-03 4.23623e+10  -4.23613e+10 0.00000e+00 
5.48340e-03 4.31966e+10  -4.31956e+10 0.00000e+00 
5.51045e-03 4.40435e+10  -4.40424e+10 0.00000e+00 
5.53750e-03 4.49034e+10  -4.49023e+10 0.00000e+00 
5.56456e-03 4.57768e+10  -4.57757e+10 0.00000e+00 
5.59161e-03 4.66641e+10  -4.66630e+10 0.00000e+00 
5.61866e-03 4.75658e+10  -4.75647e+10 0.00000e+00 
5.64571e-03 4.84820e+10  -4.84809e+10 0.00000e+00 
5.67276e-03 4.94129e+10  -4.94118e+10 0.00000e+00 
5.69981e-03 5.03585e+10  -5.03574e+10 0.00000e+00 
5.72687e-03 5.13186e+10  -5.13175e+10 0.00000e+00 
5.75392e-03 5.22931e+10  -5.22919e+10 0.00000e+00 
5.78097e-03 5.32816e+10  -5.32804e+10 0.00000e+00 
5.80802e-03 5.42838e+10  -5.42826e+10 0.00000e+00 
5.83507e-03 5.52993e+10  -5.52982e+10 0.00000e+00 
5.86212e-03 5.63279e+10  -5.63267e+10 0.00000e+00 
5.88917e-03 5.73693e+10  -5.73681e+10 0.00000e+00 
5.91621e-03 5.84232e+10  -5.84220e+10 0.00000e+00 
5.94326e-03 5.94897e+10  -5.94885e+10 0.00000e+00 
5.97030e-03 6.05688e+10  -6.05675e+10 0.00000e+00 
5.99734e-03 6.16606e+10  -6.16594e+10 0.00000e+00 
6.02438e-03 6.27657e+10  -6.27644e+10 0.00000e+00 
6.05142e-03 6.38843e+10  -6.38831e+10 0.00000e+00 
6.07845e-03 6.50172e+10  -6.50159e+10 0.00000e+00 
6.10549e-03 6.61648e+10  -6.61636e+10 0.00000e+00 
6.13252e-03 6.73280e+10  -6.73267e+10 0.00000e+00 
6.15956e-03 6.85072e+10  -6.85059e+10 0.00000e+00 
6.18659e-03 6.97031e+10  -6.97018e+10 0.00000e+00 
6.21362e-03 7.09163e+10  -7.09149e+10 0.00000e+00 
6.24065e-03 7.21470e+10  -7.21457e+10 0.00000e+00 
6.26768e-03 7.33956e+10  -7.33942e+10 0.00000e+00 
6.29472e-03 7.46621e+10  -7.46607e+10 0.00000e+00 
6.32175e-03 7.59465e+10  -7.59451e+10 0.00000e+00 
6.34878e-03 7.72486e+10  -7.72472e+10 0.00000e+00 
6.37581e-03 7.85682e+10  -7.85668e+10 0.00000e+00 
6.40284e-03 7.99048e+10  -7.99033e+10 0.00000e+00 
6.42987e-03 8.12579e+10  -8.12565e+10 0.00000e+00 
6.45690e-03 8.26272e+10  -8.26258e+10 0.00000e+00 
6.48393e-03 8.40122e+10  -8.40108e+10 0.00000e+00 
6.51096e-03 8.54127e+10  -8.54112e+10 0.00000e+00 
6.53799e-03 8.68283e+10  -8.68269e+10 0.00000e+00 
6.56501e-03 8.82591e+10  -8.82576e+10 0.00000e+00 
6.59203e-03 8.97052e+10  -8.97037e+10 0.00000e+00 
6.61906e-03 9.11667e+10  -9.11652e+10 0.00000e+00 
6.64607e-03 9.26443e+10  -9.26428e+10 0.00000e+00 
6.67309e-03 9.41384e+10  -9.41369e+10 0.00000e+00 
6.70011e-03 9.56497e+10  -9.56482e+10 0.00000e+00 
6.72712e-03 9.71790e+10  -9.71775e+10 0.00000e+00 
6.75414e-03 9.87271e+10  -9.87256e+10 0.00000e+00 
6.78115e-03 1.00295e+11  -1.00293e+11 0.00000e+00 
6.80816e-03 1.01883e+11  -1.01881e+11 0.00000e+00 
6.83518e-03 1.03491e+11  -1.03490e+11 0.00000e+00 
6.86219e-03 1.05121e+11  -1.05119e+11 0.00000e+00 
6.88920e-03 1.06772e+11  -1.06770e+11 0.00000e+00 
6.91621e-03 1.08445e+11  -1.08443e+11 0.00000e+00 
6.94323e-03 1.10139e+11  -1.10137e+11 0.00000e+00 
6.97024e-03 1.11854e+11  -1.11853e+11 0.00000e+00 
6.99725e-03 1.13590e+11  -1.13588e+11 0.00000e+00 
7.02426e-03 1.15346e+11  -1.15345e+11 0.00000e+00 
7.05127e-03 1.17122e+11  -1.17121e+11 0.00000e+00 
7.07828e-03 1.18917e+11  -1.18915e+11 0.00000e+00 
7.10529e-03 1.20731e+11  -1.20729e+11 0.00000e+00 
7.13230e-03 1.22563e+11  -1.22561e+11 0.00000e+00 
7.15931e-03 1.24413e+11  -1.24411e+11 0.00000e+00 
7.18631e-03 1.26280e+11  -1.26279e+11 0.00000e+00 
7.21332e-03 1.28167e+11  -1.28165e+11 0.00000e+00 
7.24032e-03 1.30071e+11  -1.30069e+11 0.00000e+00 
7.26732e-03 1.31995e+11  -1.31993e+11 0.00000e+00 
7.29431e-03 1.33938e+11  -1.33936e+11 0.00000e+00 
7.32131e-03 1.35902e+11  -1.35900e+11 0.00000e+00 
7.34831e-03 1.37888e+11  -1.37886e+11 0.00000e+00 
7.37530e-03 1.39895e+11  -1.39894e+11 0.00000e+00 
7.40229e-03 1.41927e+11  -1.41925e+11 0.00000e+00 
7.42929e-03 1.43982e+11  -1.43980e+11 0.00000e+00 
7.45628e-03 1.46062e+11  -1.46060e+11 0.00000e+00 
7.48327e-03 1.48167e+11  -1.48165e+11 0.00000e+00 
7.51027e-03 1.50297e+11  -1.50295e+11 0.00000e+00 
7.53726e-03 1.52452e+11  -1.52450e+11 0.00000e+00 
7.56425e-03 1.54633e+11  -1.54631e+11 0.00000e+00 
7.59125e-03 1.56839e+11  -1.56837e+11 0.00000e+00 
7.61824e-03 1.59068e+11  -1.59066e+11 0.00000e+00 
7.64523e-03 1.61322e+11  -1.61320e+11 0.00000e+00 
7.67222e-03 1.63598e+11  -1.63596e+11 0.00000e+00 
7.69921e-03 1.65897e+11  -1.65895e+11 0.00000e+00 
7.72620e-03 1.68217e+11  -1.68215e+11 0.00000e+00 
7.75319e-03 1.70559e+11  -1.70557e+11 0.00000e+00 
7.78018e-03 1.72921e+11  -1.72919e+11 0.00000e+00 
7.80716e-03 1.75305e+11  -1.75303e+11 0.00000e+00 
7.83415e-03 1.77710e+11  -1.77708e+11 0.00000e+00 
7.86113e-03 1.80137e+11  -1.80135e+11 0.00000e+00 
7.88811e-03 1.82586e+11  -1.82584e+11 0.00000e+00 
7.91508e-03 1.85058e+11  -1.85056e+11 0.00000e+00 
7.94206e-03 1.87555e+11  -1.87553e+11 0.00000e+00 
7.96904e-03 1.90077e+11  -1.90075e+11 0.00000e+00 
7.99601e-03 1.92626e+11  -1.92624e+11 0.00000e+00 
8.02299e-03 1.95202e+11  -1.95199e+11 0.00000e+00 
8.04996e-03 1.97806e+11  -1.97803e+11 0.00000e+00 
8.07693e-03 2.00439e+11  -2.00436e+11 0.00000e+00 
8.10391e-03 2.03101e+11  -2.03099e+11 0.00000e+00 
8.13088e-03 2.05793e+11  -2.05790e+11 0.00000e+00 
8.15785e-03 2.08514e+11  -2.08512e+11 0.00000e+00 
8.18483e-03 2.11264e+11  -2.11262e+11 0.00000e+00 
8.21180e-03 2.14043e+11  -2.14041e+11 0.00000e+00 
8.23877e-03 2.16850e+11  -2.16847e+11 0.00000e+00 
8.26575e-03 2.19684e+11  -2.19681e+11 0.00000e+00 
8.29272e-03 2.22544e+11  -2.22542e+11 0.00000e+00 
8.31969e-03 2.25430e+11  -2.25428e+11 0.00000e+00 
8.34666e-03 2.28341e+11  -2.28338e+11 0.00000e+00 
8.37363e-03 2.31276e+11  -2.31274e+11 0.00000e+00 
8.40060e-03 2.34236e+11  -2.34233e+11 0.00000e+00 
8.42756e-03 2.37220e+11  -2.37217e+11 0.00000e+00 
8.45452e-03 2.40229e+11  -2.40226e+11 0.00000e+00 
8.48149e-03 2.43263e+11  -2.43260e+11 0.00000e+00 
8.50845e-03 2.46323e+11  -2.46320e+11 0.00000e+00 
8.53540e-03 2.49410e+11  -2.49407e+11 0.00000e+00 
8.56236e-03 2.52525e+11  -2.52523e+11 0.00000e+00 
8.58932e-03 2.55671e+11  -2.55668e+11 0.00000e+00 
8.61627e-03 2.58846e+11  -2.58844e+11 0.00000e+00 
8.64323e-03 2.62054e+11  -2.62052e+11 0.00000e+00 
8.67018e-03 2.65294e+11  -2.65292e+11 0.00000e+00 
8.69714e-03 2.68568e+11  -2.68566e+11 0.00000e+00 
8.72409e-03 2.71876e+11  -2.71873e+11 0.00000e+00 
8.75104e-03 2.75217e+11  -2.75215e+11 0.00000e+00 
8.77800e-03 2.78592e+11  -2.78590e+11 0.00000e+00 
8.80495e-03 2.82001e+11  -2.81998e+11 0.00000e+00 
8.83191e-03 2.85442e+11  -2.85439e+11 0.00000e+00 
8.85886e-03 2.88915e+11  -2.88912e+11 0.00000e+00 
8.88581e-03 2.92418e+11  -2.92416e+11 0.00000e+00 
8.91277e-03 2.95952e+11  -2.95949e+11 0.00000e+00 
8.93972e-03 2.99514e+11  -2.99512e+11 0.00000e+00 
8.96667e-03 3.03105e+11  -3.03103e+11 0.00000e+00 
8.99362e-03 3.06724e+11  -3.06722e+11 0.00000e+00 
9.02056e-03 3.10371e+11  -3.10368e+11 0.00000e+00 
9.04751e-03 3.14045e+11  -3.14043e+11 0.00000e+00 
9.07445e-03 3.17748e+11  -3.17745e+11 0.00000e+00 
9.10139e-03 3.21480e+11  -3.21477e+11 0.00000e+00 
9.12833e-03 3.25242e+11  -3.25239e+11 0.00000e+00 
9.15527e-03 3.29035e+11  -3.29033e+11 0.00000e+00 
9.18221e-03 3.32862e+11  -3.32859e+11 0.00000e+00 
9.20915e-03 3.36722e+11  -3.36719e+11 0.00000e+00 
9.23608e-03 3.40617e+11  -3.40615e+11 0.00000e+00 
9.26302e-03 3.44550e+11  -3.44547e+11 0.00000e+00 
9.28995e-03 3.48519e+11  -3.48516e+11 0.00000e+00 
9.31689e-03 3.52527e+11  -3.52524e+11 0.00000e+00 
9.34382e-03 3.56574e+11  -3.56571e+11 0.00000e+00 
9.37076e-03 3.60659e+11  -3.60656e+11 0.00000e+00 
9.39769e-03 3.64782e+11  -3.64779e+11 0.00000e+00 
9.42463e-03 3.68943e+11  -3.68940e+11 0.00000e+00 
9.45156e-03 3.73141e+11  -3.73138e+11 0.00000e+00 
9.47850e-03 3.77374e+11  -3.77371e+11 0.00000e+00 
9.50543e-03 3.81642e+11  -3.81639e+11 0.00000e+00 
9.53237e-03 3.85944e+11  -3.85941e+11 0.00000e+00 
9.55930e-03 3.90278e+11  -3.90275e+11 0.00000e+00 
9.58623e-03 3.94644e+11  -3.94641e+11 0.00000e+00 
9.61316e-03 3.99041e+11  -3.99038e+11 0.00000e+00 
9.64008e-03 4.03470e+11  -4.03467e+11 0.00000e+00 
9.66701e-03 4.07931e+11  -4.07928e+11 0.00000e+00 
9.69393e-03 4.12424e+11  -4.12421e+11 0.00000e+00 
9.72086e-03 4.16950e+11  -4.16947e+11 0.00000e+00 
9.74778e-03 4.21510e+11  -4.21507e+11 0.00000e+00 
9.77470e-03 4.26107e+11  -4.26104e+11 0.00000e+00 
9.80161e-03 4.30741e+11  -4.30738e+11 0.00000e+00 
9.82853e-03 4.35414e+11  -4.35411e+11 0.00000e+00 
9.85545e-03 4.40127e+11  -4.40124e+11 0.00000e+00 
9.88236e-03 4.44883e+11  -4.44879e+11 0.00000e+00 
9.90928e-03 4.49681e+11  -4.49677e+11 0.00000e+00 
9.93620e-03 4.54522e+11  -4.54518e+11 0.00000e+00 
9.96311e-03 4.59407e+11  -4.59403e+11 0.00000e+00 
9.99003e-03 4.64335e+11  -4.64331e+11 0.00000e+00 
