1.13471e-05 1.70112e+01  2.80157e-11 0.00000e+00 
2.26943e-05 2.08630e+02  -1.69873e+02 0.00000e+00 
3.40414e-05 7.58665e+02  -7.09111e+02 0.00000e+00 
4.53880e-05 1.69186e+03  -1.64081e+03 0.00000e+00 
5.67335e-05 2.93181e+03  -2.87809e+03 0.00000e+00 
6.80773e-05 4.47337e+03  -4.41266e+03 0.00000e+00 
7.94195e-05 6.43995e+03  -6.37291e+03 0.00000e+00 
9.07605e-05 8.99713e+03  -8.92632e+03 0.00000e+00 
1.02101e-04 1.22703e+04  -1.21938e+04 0.00000e+00 
1.13442e-04 1.63375e+04  -1.62509e+04 0.00000e+00 
1.24784e-04 2.12239e+04  -2.11280e+04 0.00000e+00 
1.36127e-04 2.68427e+04  -2.67456e+04 0.00000e+00 
1.47470e-04 3.29577e+04  -3.28680e+04 0.00000e+00 
1.58813e-04 3.92651e+04  -3.91848e+04 0.00000e+00 
1.70156e-04 4.55652e+04  -4.54895e+04 0.00000e+00 
1.81498e-04 5.18917e+04  -5.18139e+04 0.00000e+00 
1.92840e-04 5.85165e+04  -5.84297e+04 0.00000e+00 
2.04182e-04 6.58688e+04  -6.57644e+04 0.00000e+00 
2.15524e-04 7.44494e+04  -7.43163e+04 0.00000e+00 
2.26866e-04 8.47611e+04  -8.45895e+04 0.00000e+00 
2.38208e-04 9.72402e+04  -9.70256e+04 0.00000e+00 
2.49549e-04 1.12199e+05  -1.11943e+05 0.00000e+00 
2.60890e-04 1.29814e+05  -1.29521e+05 0.00000e+00 
2.72230e-04 1.50179e+05  -1.49857e+05 0.00000e+00 
2.83568e-04 1.73378e+05  -1.73034e+05 0.00000e+00 
2.94906e-04 1.99516e+05  -1.99159e+05 0.00000e+00 
3.06243e-04 2.28713e+05  -2.28352e+05 0.00000e+00 
3.17580e-04 2.61088e+05  -2.60727e+05 0.00000e+00 
3.28916e-04 2.96753e+05  -2.96393e+05 0.00000e+00 
3.40253e-04 3.35828e+05  -3.35467e+05 0.00000e+00 
3.51590e-04 3.78448e+05  -3.78084e+05 0.00000e+00 
3.62928e-04 4.24783e+05  -4.24412e+05 0.00000e+00 
3.74266e-04 4.75074e+05  -4.74692e+05 0.00000e+00 
3.85604e-04 5.29681e+05  -5.29283e+05 0.00000e+00 
3.96942e-04 5.89106e+05  -5.88686e+05 0.00000e+00 
4.08279e-04 6.53995e+05  -6.53548e+05 0.00000e+00 
4.19616e-04 7.25115e+05  -7.24631e+05 0.00000e+00 
4.30954e-04 8.03324e+05  -8.02792e+05 0.00000e+00 
4.42292e-04 8.89520e+05  -8.88932e+05 0.00000e+00 
4.53629e-04 9.84585e+05  -9.83933e+05 0.00000e+00 
4.64966e-04 1.08928e+06  -1.08856e+06 0.00000e+00 
4.76302e-04 1.20414e+06  -1.20336e+06 0.00000e+00 
4.87637e-04 1.32940e+06  -1.32857e+06 0.00000e+00 
4.98972e-04 1.46499e+06  -1.46412e+06 0.00000e+00 
5.10306e-04 1.61048e+06  -1.60958e+06 0.00000e+00 
5.21639e-04 1.76522e+06  -1.76430e+06 0.00000e+00 
5.32972e-04 1.92843e+06  -1.92751e+06 0.00000e+00 
5.44305e-04 2.09941e+06  -2.09849e+06 0.00000e+00 
5.55639e-04 2.27767e+06  -2.27676e+06 0.00000e+00 
5.66972e-04 2.46317e+06  -2.46225e+06 0.00000e+00 
5.78306e-04 2.65632e+06  -2.65540e+06 0.00000e+00 
5.89640e-04 2.85807e+06  -2.85713e+06 0.00000e+00 
6.00975e-04 3.06974e+06  -3.06877e+06 0.00000e+00 
6.12309e-04 3.29295e+06  -3.29193e+06 0.00000e+00 
6.23643e-04 3.52938e+06  -3.52831e+06 0.00000e+00 
6.34976e-04 3.78064e+06  -3.77950e+06 0.00000e+00 
6.46309e-04 4.04811e+06  -4.04689e+06 0.00000e+00 
6.57642e-04 4.33290e+06  -4.33160e+06 0.00000e+00 
6.68975e-04 4.63594e+06  -4.63457e+06 0.00000e+00 
6.80306e-04 4.95802e+06  -4.95657e+06 0.00000e+00 
6.91637e-04 5.29982e+06  -5.29829e+06 0.00000e+00 
7.02967e-04 5.66183e+06  -5.66023e+06 0.00000e+00 
7.14296e-04 6.04429e+06  -6.04263e+06 0.00000e+00 
7.25625e-04 6.44701e+06  -6.44530e+06 0.00000e+00 
7.36954e-04 6.86935e+06  -6.86760e+06 0.00000e+00 
7.48283e-04 7.31019e+06  -7.30842e+06 0.00000e+00 
7.59613e-04 7.76816e+06  -7.76638e+06 0.00000e+00 
7.70942e-04 8.24194e+06  -8.24016e+06 0.00000e+00 
7.82273e-04 8.73068e+06  -8.72891e+06 0.00000e+00 
7.93603e-04 9.23438e+06  -9.23260e+06 0.00000e+00 
8.04933e-04 9.75401e+06  -9.75222e+06 0.00000e+00 
8.16263e-04 1.02916e+07  -1.02898e+07 0.00000e+00 
8.27593e-04 1.08499e+07  -1.08480e+07 0.00000e+00 
8.38923e-04 1.14321e+07  -1.14302e+07 0.00000e+00 
8.50252e-04 1.20414e+07  -1.20394e+07 0.00000e+00 
8.61581e-04 1.26806e+07  -1.26785e+07 0.00000e+00 
8.72910e-04 1.33519e+07  -1.33496e+07 0.00000e+00 
8.84238e-04 1.40566e+07  -1.40542e+07 0.00000e+00 
8.95565e-04 1.47955e+07  -1.47931e+07 0.00000e+00 
9.06891e-04 1.55689e+07  -1.55664e+07 0.00000e+00 
9.18217e-04 1.63766e+07  -1.63739e+07 0.00000e+00 
9.29542e-04 1.72179e+07  -1.72152e+07 0.00000e+00 
9.40867e-04 1.80920e+07  -1.80892e+07 0.00000e+00 
9.52192e-04 1.89976e+07  -1.89948e+07 0.00000e+00 
9.63517e-04 1.99334e+07  -1.99305e+07 0.00000e+00 
9.74842e-04 2.08977e+07  -2.08948e+07 0.00000e+00 
9.86167e-04 2.18890e+07  -2.18862e+07 0.00000e+00 
9.97493e-04 2.29063e+07  -2.29034e+07 0.00000e+00 
1.00882e-03 2.39492e+07  -2.39463e+07 0.00000e+00 
1.02015e-03 2.50183e+07  -2.50153e+07 0.00000e+00 
1.03147e-03 2.61155e+07  -2.61125e+07 0.00000e+00 
1.04280e-03 2.72437e+07  -2.72407e+07 0.00000e+00 
1.05412e-03 2.84069e+07  -2.84038e+07 0.00000e+00 
1.06545e-03 2.96095e+07  -2.96063e+07 0.00000e+00 
1.07677e-03 3.08559e+07  -3.08526e+07 0.00000e+00 
1.08809e-03 3.21501e+07  -3.21466e+07 0.00000e+00 
1.09942e-03 3.34954e+07  -3.34918e+07 0.00000e+00 
1.11074e-03 3.48940e+07  -3.48903e+07 0.00000e+00 
1.12206e-03 3.63468e+07  -3.63429e+07 0.00000e+00 
1.13339e-03 3.78537e+07  -3.78497e+07 0.00000e+00 
1.14471e-03 3.94136e+07  -3.94095e+07 0.00000e+00 
1.15603e-03 4.10245e+07  -4.10203e+07 0.00000e+00 
1.16735e-03 4.26838e+07  -4.26796e+07 0.00000e+00 
1.17867e-03 4.43889e+07  -4.43846e+07 0.00000e+00 
1.18999e-03 4.61370e+07  -4.61327e+07 0.00000e+00 
1.20131e-03 4.79258e+07  -4.79216e+07 0.00000e+00 
1.21263e-03 4.97541e+07  -4.97498e+07 0.00000e+00 
1.22395e-03 5.16212e+07  -5.16169e+07 0.00000e+00 
1.23527e-03 5.35281e+07  -5.35237e+07 0.00000e+00 
1.24659e-03 5.54768e+07  -5.54724e+07 0.00000e+00 
1.25791e-03 5.74710e+07  -5.74665e+07 0.00000e+00 
1.26923e-03 5.95151e+07  -5.95106e+07 0.00000e+00 
1.28056e-03 6.16146e+07  -6.16099e+07 0.00000e+00 
1.29188e-03 6.37746e+07  -6.37699e+07 0.00000e+00 
1.30320e-03 6.60005e+07  -6.59957e+07 0.00000e+00 
1.31451e-03 6.82968e+07  -6.82918e+07 0.00000e+00 
1.32583e-03 7.06671e+07  -7.06619e+07 0.00000e+00 
1.33715e-03 7.31133e+07  -7.31080e+07 0.00000e+00 
1.34847e-03 7.56363e+07  -7.56309e+07 0.00000e+00 
1.35979e-03 7.82352e+07  -7.82296e+07 0.00000e+00 
1.37110e-03 8.09076e+07  -8.09019e+07 0.00000e+00 
1.38242e-03 8.36503e+07  -8.36445e+07 0.00000e+00 
1.39374e-03 8.64593e+07  -8.64534e+07 0.00000e+00 
1.40505e-03 8.93303e+07  -8.93244e+07 0.00000e+00 
1.41637e-03 9.22597e+07  -9.22537e+07 0.00000e+00 
1.42769e-03 9.52445e+07  -9.52386e+07 0.00000e+00 
1.43900e-03 9.82835e+07  -9.82775e+07 0.00000e+00 
1.45032e-03 1.01377e+08  -1.01371e+08 0.00000e+00 
1.46164e-03 1.04526e+08  -1.04520e+08 0.00000e+00 
1.47296e-03 1.07737e+08  -1.07731e+08 0.00000e+00 
1.48427e-03 1.11014e+08  -1.11008e+08 0.00000e+00 
1.49559e-03 1.14364e+08  -1.14358e+08 0.00000e+00 
1.50690e-03 1.17794e+08  -1.17788e+08 0.00000e+00 
1.51822e-03 1.21312e+08  -1.21305e+08 0.00000e+00 
1.52953e-03 1.24923e+08  -1.24916e+08 0.00000e+00 
1.54085e-03 1.28632e+08  -1.28625e+08 0.00000e+00 
1.55216e-03 1.32442e+08  -1.32435e+08 0.00000e+00 
1.56348e-03 1.36355e+08  -1.36348e+08 0.00000e+00 
1.57479e-03 1.40370e+08  -1.40363e+08 0.00000e+00 
1.58610e-03 1.44486e+08  -1.44478e+08 0.00000e+00 
1.59741e-03 1.48697e+08  -1.48689e+08 0.00000e+00 
1.60873e-03 1.53000e+08  -1.52992e+08 0.00000e+00 
1.62004e-03 1.57389e+08  -1.57381e+08 0.00000e+00 
1.63135e-03 1.61859e+08  -1.61851e+08 0.00000e+00 
1.64267e-03 1.66406e+08  -1.66398e+08 0.00000e+00 
1.65398e-03 1.71027e+08  -1.71019e+08 0.00000e+00 
1.66529e-03 1.75721e+08  -1.75713e+08 0.00000e+00 
1.67661e-03 1.80488e+08  -1.80480e+08 0.00000e+00 
1.68792e-03 1.85332e+08  -1.85324e+08 0.00000e+00 
1.69923e-03 1.90260e+08  -1.90252e+08 0.00000e+00 
1.71054e-03 1.95279e+08  -1.95271e+08 0.00000e+00 
1.72185e-03 2.00397e+08  -2.00388e+08 0.00000e+00 
1.73316e-03 2.05623e+08  -2.05615e+08 0.00000e+00 
1.74447e-03 2.10967e+08  -2.10958e+08 0.00000e+00 
1.75578e-03 2.16434e+08  -2.16425e+08 0.00000e+00 
1.76709e-03 2.22031e+08  -2.22022e+08 0.00000e+00 
1.77840e-03 2.27761e+08  -2.27752e+08 0.00000e+00 
1.78971e-03 2.33624e+08  -2.33614e+08 0.00000e+00 
1.80102e-03 2.39618e+08  -2.39608e+08 0.00000e+00 
1.81233e-03 2.45739e+08  -2.45729e+08 0.00000e+00 
1.82364e-03 2.51981e+08  -2.51971e+08 0.00000e+00 
1.83494e-03 2.58338e+08  -2.58328e+08 0.00000e+00 
1.84625e-03 2.64802e+08  -2.64792e+08 0.00000e+00 
1.85756e-03 2.71368e+08  -2.71358e+08 0.00000e+00 
1.86887e-03 2.78031e+08  -2.78021e+08 0.00000e+00 
1.88018e-03 2.84790e+08  -2.84779e+08 0.00000e+00 
1.89148e-03 2.91643e+08  -2.91633e+08 0.00000e+00 
1.90279e-03 2.98594e+08  -2.98584e+08 0.00000e+00 
1.91410e-03 3.05649e+08  -3.05639e+08 0.00000e+00 
1.92541e-03 3.12816e+08  -3.12805e+08 0.00000e+00 
1.93671e-03 3.20103e+08  -3.20092e+08 0.00000e+00 
1.94802e-03 3.27521e+08  -3.27510e+08 0.00000e+00 
1.95932e-03 3.35082e+08  -3.35071e+08 0.00000e+00 
1.97063e-03 3.42794e+08  -3.42783e+08 0.00000e+00 
1.98194e-03 3.50665e+08  -3.50654e+08 0.00000e+00 
1.99324e-03 3.58701e+08  -3.58689e+08 0.00000e+00 
2.00455e-03 3.66903e+08  -3.66891e+08 0.00000e+00 
2.01585e-03 3.75272e+08  -3.75260e+08 0.00000e+00 
2.02715e-03 3.83803e+08  -3.83791e+08 0.00000e+00 
2.03846e-03 3.92490e+08  -3.92478e+08 0.00000e+00 
2.04976e-03 4.01326e+08  -4.01313e+08 0.00000e+00 
2.06107e-03 4.10300e+08  -4.10288e+08 0.00000e+00 
2.07237e-03 4.19405e+08  -4.19393e+08 0.00000e+00 
2.08367e-03 4.28634e+08  -4.28621e+08 0.00000e+00 
2.09498e-03 4.37981e+08  -4.37969e+08 0.00000e+00 
2.10628e-03 4.47447e+08  -4.47434e+08 0.00000e+00 
2.11758e-03 4.57032e+08  -4.57019e+08 0.00000e+00 
2.12889e-03 4.66742e+08  -4.66729e+08 0.00000e+00 
2.14019e-03 4.76585e+08  -4.76572e+08 0.00000e+00 
2.15149e-03 4.86571e+08  -4.86558e+08 0.00000e+00 
2.16279e-03 4.96712e+08  -4.96699e+08 0.00000e+00 
2.17409e-03 5.07021e+08  -5.07007e+08 0.00000e+00 
2.18540e-03 5.17509e+08  -5.17496e+08 0.00000e+00 
2.19670e-03 5.28188e+08  -5.28174e+08 0.00000e+00 
2.20800e-03 5.39064e+08  -5.39050e+08 0.00000e+00 
2.21930e-03 5.50144e+08  -5.50129e+08 0.00000e+00 
2.23060e-03 5.61427e+08  -5.61412e+08 0.00000e+00 
2.24190e-03 5.72911e+08  -5.72897e+08 0.00000e+00 
2.25320e-03 5.84592e+08  -5.84577e+08 0.00000e+00 
2.26450e-03 5.96461e+08  -5.96446e+08 0.00000e+00 
2.27580e-03 6.08508e+08  -6.08493e+08 0.00000e+00 
2.28710e-03 6.20722e+08  -6.20707e+08 0.00000e+00 
2.29840e-03 6.33095e+08  -6.33080e+08 0.00000e+00 
2.30970e-03 6.45619e+08  -6.45603e+08 0.00000e+00 
2.32100e-03 6.58289e+08  -6.58273e+08 0.00000e+00 
2.33230e-03 6.71105e+08  -6.71089e+08 0.00000e+00 
2.34360e-03 6.84070e+08  -6.84054e+08 0.00000e+00 
2.35489e-03 6.97192e+08  -6.97176e+08 0.00000e+00 
2.36619e-03 7.10480e+08  -7.10464e+08 0.00000e+00 
2.37749e-03 7.23949e+08  -7.23933e+08 0.00000e+00 
2.38878e-03 7.37611e+08  -7.37595e+08 0.00000e+00 
2.40008e-03 7.51481e+08  -7.51465e+08 0.00000e+00 
2.41138e-03 7.65572e+08  -7.65556e+08 0.00000e+00 
2.42268e-03 7.79895e+08  -7.79878e+08 0.00000e+00 
2.43397e-03 7.94457e+08  -7.94440e+08 0.00000e+00 
2.44527e-03 8.09263e+08  -8.09246e+08 0.00000e+00 
2.45657e-03 8.24311e+08  -8.24293e+08 0.00000e+00 
2.46787e-03 8.39597e+08  -8.39579e+08 0.00000e+00 
2.47916e-03 8.55113e+08  -8.55095e+08 0.00000e+00 
2.49046e-03 8.70849e+08  -8.70831e+08 0.00000e+00 
2.50175e-03 8.86794e+08  -8.86775e+08 0.00000e+00 
2.51305e-03 9.02935e+08  -9.02917e+08 0.00000e+00 
2.52434e-03 9.19264e+08  -9.19245e+08 0.00000e+00 
2.53564e-03 9.35771e+08  -9.35753e+08 0.00000e+00 
2.54693e-03 9.52454e+08  -9.52436e+08 0.00000e+00 
2.55822e-03 9.69313e+08  -9.69294e+08 0.00000e+00 
2.56952e-03 9.86352e+08  -9.86334e+08 0.00000e+00 
2.58081e-03 1.00358e+09  -1.00356e+09 0.00000e+00 
2.59210e-03 1.02102e+09  -1.02100e+09 0.00000e+00 
2.60340e-03 1.03867e+09  -1.03865e+09 0.00000e+00 
2.61469e-03 1.05656e+09  -1.05654e+09 0.00000e+00 
2.62598e-03 1.07470e+09  -1.07468e+09 0.00000e+00 
2.63728e-03 1.09311e+09  -1.09309e+09 0.00000e+00 
2.64857e-03 1.11180e+09  -1.11178e+09 0.00000e+00 
2.65986e-03 1.13077e+09  -1.13075e+09 0.00000e+00 
2.67116e-03 1.15004e+09  -1.15002e+09 0.00000e+00 
2.68245e-03 1.16959e+09  -1.16957e+09 0.00000e+00 
2.69374e-03 1.18942e+09  -1.18940e+09 0.00000e+00 
2.70503e-03 1.20952e+09  -1.20950e+09 0.00000e+00 
2.71632e-03 1.22987e+09  -1.22985e+09 0.00000e+00 
2.72761e-03 1.25047e+09  -1.25045e+09 0.00000e+00 
2.73890e-03 1.27130e+09  -1.27128e+09 0.00000e+00 
2.75019e-03 1.29235e+09  -1.29233e+09 0.00000e+00 
2.76148e-03 1.31361e+09  -1.31359e+09 0.00000e+00 
2.77277e-03 1.33508e+09  -1.33506e+09 0.00000e+00 
2.78406e-03 1.35676e+09  -1.35674e+09 0.00000e+00 
2.79534e-03 1.37865e+09  -1.37863e+09 0.00000e+00 
2.80663e-03 1.40078e+09  -1.40076e+09 0.00000e+00 
2.81792e-03 1.42315e+09  -1.42313e+09 0.00000e+00 
2.82921e-03 1.44579e+09  -1.44577e+09 0.00000e+00 
2.84050e-03 1.46871e+09  -1.46869e+09 0.00000e+00 
2.85179e-03 1.49193e+09  -1.49190e+09 0.00000e+00 
2.86308e-03 1.51546e+09  -1.51544e+09 0.00000e+00 
2.87437e-03 1.53932e+09  -1.53930e+09 0.00000e+00 
2.88566e-03 1.56351e+09  -1.56349e+09 0.00000e+00 
2.89694e-03 1.58804e+09  -1.58801e+09 0.00000e+00 
2.90823e-03 1.61289e+09  -1.61287e+09 0.00000e+00 
2.91952e-03 1.63807e+09  -1.63804e+09 0.00000e+00 
2.93080e-03 1.66355e+09  -1.66352e+09 0.00000e+00 
2.94209e-03 1.68932e+09  -1.68930e+09 0.00000e+00 
2.95337e-03 1.71537e+09  -1.71535e+09 0.00000e+00 
2.96466e-03 1.74169e+09  -1.74166e+09 0.00000e+00 
2.97594e-03 1.76826e+09  -1.76823e+09 0.00000e+00 
2.98723e-03 1.79507e+09  -1.79505e+09 0.00000e+00 
2.99851e-03 1.82213e+09  -1.82211e+09 0.00000e+00 
3.00980e-03 1.84945e+09  -1.84942e+09 0.00000e+00 
3.02108e-03 1.87701e+09  -1.87699e+09 0.00000e+00 
3.03237e-03 1.90486e+09  -1.90483e+09 0.00000e+00 
3.04365e-03 1.93299e+09  -1.93296e+09 0.00000e+00 
3.05494e-03 1.96144e+09  -1.96141e+09 0.00000e+00 
3.06622e-03 1.99022e+09  -1.99019e+09 0.00000e+00 
3.07751e-03 2.01935e+09  -2.01932e+09 0.00000e+00 
3.08879e-03 2.04885e+09  -2.04883e+09 0.00000e+00 
3.10008e-03 2.07874e+09  -2.07871e+09 0.00000e+00 
3.11136e-03 2.10900e+09  -2.10897e+09 0.00000e+00 
3.12264e-03 2.13965e+09  -2.13963e+09 0.00000e+00 
3.13393e-03 2.17068e+09  -2.17066e+09 0.00000e+00 
3.14521e-03 2.20208e+09  -2.20205e+09 0.00000e+00 
3.15649e-03 2.23383e+09  -2.23380e+09 0.00000e+00 
3.16777e-03 2.26592e+09  -2.26589e+09 0.00000e+00 
3.17905e-03 2.29832e+09  -2.29829e+09 0.00000e+00 
3.19033e-03 2.33102e+09  -2.33099e+09 0.00000e+00 
3.20161e-03 2.36402e+09  -2.36399e+09 0.00000e+00 
3.21289e-03 2.39730e+09  -2.39727e+09 0.00000e+00 
3.22417e-03 2.43087e+09  -2.43084e+09 0.00000e+00 
3.23545e-03 2.46472e+09  -2.46469e+09 0.00000e+00 
3.24673e-03 2.49888e+09  -2.49885e+09 0.00000e+00 
3.25801e-03 2.53335e+09  -2.53332e+09 0.00000e+00 
3.26929e-03 2.56817e+09  -2.56814e+09 0.00000e+00 
3.28057e-03 2.60334e+09  -2.60331e+09 0.00000e+00 
3.29185e-03 2.63889e+09  -2.63886e+09 0.00000e+00 
3.30313e-03 2.67486e+09  -2.67483e+09 0.00000e+00 
3.31441e-03 2.71124e+09  -2.71121e+09 0.00000e+00 
3.32569e-03 2.74806e+09  -2.74802e+09 0.00000e+00 
3.33697e-03 2.78531e+09  -2.78528e+09 0.00000e+00 
3.34825e-03 2.82300e+09  -2.82297e+09 0.00000e+00 
3.35953e-03 2.86112e+09  -2.86108e+09 0.00000e+00 
3.37080e-03 2.89965e+09  -2.89961e+09 0.00000e+00 
3.38208e-03 2.93857e+09  -2.93854e+09 0.00000e+00 
3.39336e-03 2.97788e+09  -2.97785e+09 0.00000e+00 
3.40463e-03 3.01754e+09  -3.01751e+09 0.00000e+00 
3.41591e-03 3.05755e+09  -3.05752e+09 0.00000e+00 
3.42718e-03 3.09789e+09  -3.09786e+09 0.00000e+00 
3.43846e-03 3.13855e+09  -3.13852e+09 0.00000e+00 
3.44974e-03 3.17954e+09  -3.17951e+09 0.00000e+00 
3.46101e-03 3.22087e+09  -3.22084e+09 0.00000e+00 
3.47229e-03 3.26255e+09  -3.26251e+09 0.00000e+00 
3.48357e-03 3.30459e+09  -3.30456e+09 0.00000e+00 
3.49484e-03 3.34703e+09  -3.34700e+09 0.00000e+00 
3.50612e-03 3.38989e+09  -3.38986e+09 0.00000e+00 
3.51739e-03 3.43319e+09  -3.43316e+09 0.00000e+00 
3.52867e-03 3.47696e+09  -3.47693e+09 0.00000e+00 
3.53994e-03 3.52121e+09  -3.52118e+09 0.00000e+00 
3.55122e-03 3.56596e+09  -3.56592e+09 0.00000e+00 
3.56249e-03 3.61120e+09  -3.61116e+09 0.00000e+00 
3.57377e-03 3.65693e+09  -3.65690e+09 0.00000e+00 
3.58504e-03 3.70315e+09  -3.70311e+09 0.00000e+00 
3.59631e-03 3.74983e+09  -3.74979e+09 0.00000e+00 
3.60758e-03 3.79695e+09  -3.79691e+09 0.00000e+00 
3.61885e-03 3.84450e+09  -3.84446e+09 0.00000e+00 
3.63012e-03 3.89245e+09  -3.89241e+09 0.00000e+00 
3.64140e-03 3.94079e+09  -3.94075e+09 0.00000e+00 
3.65267e-03 3.98950e+09  -3.98946e+09 0.00000e+00 
3.66394e-03 4.03858e+09  -4.03855e+09 0.00000e+00 
3.67521e-03 4.08804e+09  -4.08800e+09 0.00000e+00 
3.68649e-03 4.13787e+09  -4.13783e+09 0.00000e+00 
3.69776e-03 4.18810e+09  -4.18806e+09 0.00000e+00 
3.70903e-03 4.23875e+09  -4.23871e+09 0.00000e+00 
3.72030e-03 4.28985e+09  -4.28981e+09 0.00000e+00 
3.73157e-03 4.34141e+09  -4.34138e+09 0.00000e+00 
3.74284e-03 4.39348e+09  -4.39344e+09 0.00000e+00 
3.75412e-03 4.44608e+09  -4.44604e+09 0.00000e+00 
3.76539e-03 4.49921e+09  -4.49917e+09 0.00000e+00 
3.77666e-03 4.55289e+09  -4.55285e+09 0.00000e+00 
3.78792e-03 4.60713e+09  -4.60709e+09 0.00000e+00 
3.79919e-03 4.66191e+09  -4.66187e+09 0.00000e+00 
3.81046e-03 4.71723e+09  -4.71719e+09 0.00000e+00 
3.82173e-03 4.77307e+09  -4.77303e+09 0.00000e+00 
3.83300e-03 4.82940e+09  -4.82936e+09 0.00000e+00 
3.84426e-03 4.88621e+09  -4.88617e+09 0.00000e+00 
3.85553e-03 4.94348e+09  -4.94344e+09 0.00000e+00 
3.86680e-03 5.00118e+09  -5.00114e+09 0.00000e+00 
3.87807e-03 5.05930e+09  -5.05926e+09 0.00000e+00 
3.88933e-03 5.11785e+09  -5.11780e+09 0.00000e+00 
3.90060e-03 5.17681e+09  -5.17677e+09 0.00000e+00 
3.91187e-03 5.23621e+09  -5.23617e+09 0.00000e+00 
3.92314e-03 5.29606e+09  -5.29602e+09 0.00000e+00 
3.93441e-03 5.35639e+09  -5.35635e+09 0.00000e+00 
3.94567e-03 5.41723e+09  -5.41719e+09 0.00000e+00 
3.95694e-03 5.47861e+09  -5.47856e+09 0.00000e+00 
3.96821e-03 5.54055e+09  -5.54050e+09 0.00000e+00 
3.97947e-03 5.60308e+09  -5.60303e+09 0.00000e+00 
3.99074e-03 5.66621e+09  -5.66617e+09 0.00000e+00 
4.00200e-03 5.72997e+09  -5.72992e+09 0.00000e+00 
4.01327e-03 5.79434e+09  -5.79429e+09 0.00000e+00 
4.02453e-03 5.85932e+09  -5.85928e+09 0.00000e+00 
4.03580e-03 5.92490e+09  -5.92485e+09 0.00000e+00 
4.04706e-03 5.99105e+09  -5.99100e+09 0.00000e+00 
4.05832e-03 6.05775e+09  -6.05770e+09 0.00000e+00 
4.06959e-03 6.12497e+09  -6.12492e+09 0.00000e+00 
4.08085e-03 6.19270e+09  -6.19265e+09 0.00000e+00 
4.09211e-03 6.26091e+09  -6.26086e+09 0.00000e+00 
4.10338e-03 6.32958e+09  -6.32954e+09 0.00000e+00 
4.11464e-03 6.39873e+09  -6.39868e+09 0.00000e+00 
4.12590e-03 6.46834e+09  -6.46829e+09 0.00000e+00 
4.13717e-03 6.53843e+09  -6.53838e+09 0.00000e+00 
4.14843e-03 6.60903e+09  -6.60898e+09 0.00000e+00 
4.15969e-03 6.68016e+09  -6.68011e+09 0.00000e+00 
4.17096e-03 6.75185e+09  -6.75180e+09 0.00000e+00 
4.18222e-03 6.82415e+09  -6.82410e+09 0.00000e+00 
4.19348e-03 6.89707e+09  -6.89702e+09 0.00000e+00 
4.20474e-03 6.97065e+09  -6.97060e+09 0.00000e+00 
4.21600e-03 7.04490e+09  -7.04485e+09 0.00000e+00 
4.22726e-03 7.11984e+09  -7.11979e+09 0.00000e+00 
4.23852e-03 7.19546e+09  -7.19541e+09 0.00000e+00 
4.24978e-03 7.27176e+09  -7.27171e+09 0.00000e+00 
4.26104e-03 7.34871e+09  -7.34866e+09 0.00000e+00 
4.27230e-03 7.42629e+09  -7.42624e+09 0.00000e+00 
4.28356e-03 7.50449e+09  -7.50444e+09 0.00000e+00 
4.29482e-03 7.58326e+09  -7.58321e+09 0.00000e+00 
4.30608e-03 7.66260e+09  -7.66255e+09 0.00000e+00 
4.31734e-03 7.74247e+09  -7.74242e+09 0.00000e+00 
4.32860e-03 7.82286e+09  -7.82281e+09 0.00000e+00 
4.33986e-03 7.90378e+09  -7.90373e+09 0.00000e+00 
4.35112e-03 7.98522e+09  -7.98517e+09 0.00000e+00 
4.36238e-03 8.06721e+09  -8.06716e+09 0.00000e+00 
4.37364e-03 8.14976e+09  -8.14971e+09 0.00000e+00 
4.38489e-03 8.23292e+09  -8.23287e+09 0.00000e+00 
4.39615e-03 8.31671e+09  -8.31666e+09 0.00000e+00 
4.40741e-03 8.40117e+09  -8.40111e+09 0.00000e+00 
4.41867e-03 8.48633e+09  -8.48627e+09 0.00000e+00 
4.42992e-03 8.57221e+09  -8.57216e+09 0.00000e+00 
4.44118e-03 8.65884e+09  -8.65878e+09 0.00000e+00 
4.45244e-03 8.74622e+09  -8.74616e+09 0.00000e+00 
4.46369e-03 8.83435e+09  -8.83429e+09 0.00000e+00 
4.47495e-03 8.92321e+09  -8.92316e+09 0.00000e+00 
4.48620e-03 9.01280e+09  -9.01274e+09 0.00000e+00 
4.49746e-03 9.10308e+09  -9.10303e+09 0.00000e+00 
4.50871e-03 9.19403e+09  -9.19397e+09 0.00000e+00 
4.51997e-03 9.28561e+09  -9.28555e+09 0.00000e+00 
4.53122e-03 9.37780e+09  -9.37774e+09 0.00000e+00 
4.54248e-03 9.47058e+09  -9.47052e+09 0.00000e+00 
4.55374e-03 9.56393e+09  -9.56388e+09 0.00000e+00 
4.56499e-03 9.65786e+09  -9.65780e+09 0.00000e+00 
4.57624e-03 9.75236e+09  -9.75231e+09 0.00000e+00 
4.58750e-03 9.84747e+09  -9.84741e+09 0.00000e+00 
4.59875e-03 9.94320e+09  -9.94314e+09 0.00000e+00 
4.61001e-03 1.00396e+10  -1.00395e+10 0.00000e+00 
4.62126e-03 1.01367e+10  -1.01366e+10 0.00000e+00 
4.63251e-03 1.02345e+10  -1.02344e+10 0.00000e+00 
4.64376e-03 1.03331e+10  -1.03330e+10 0.00000e+00 
4.65502e-03 1.04325e+10  -1.04324e+10 0.00000e+00 
4.66627e-03 1.05327e+10  -1.05326e+10 0.00000e+00 
4.67752e-03 1.06337e+10  -1.06336e+10 0.00000e+00 
4.68877e-03 1.07356e+10  -1.07355e+10 0.00000e+00 
4.70002e-03 1.08382e+10  -1.08382e+10 0.00000e+00 
4.71127e-03 1.09417e+10  -1.09416e+10 0.00000e+00 
4.72253e-03 1.10459e+10  -1.10458e+10 0.00000e+00 
4.73378e-03 1.11509e+10  -1.11508e+10 0.00000e+00 
4.74503e-03 1.12565e+10  -1.12565e+10 0.00000e+00 
4.75628e-03 1.13628e+10  -1.13628e+10 0.00000e+00 
4.76753e-03 1.14698e+10  -1.14697e+10 0.00000e+00 
4.77878e-03 1.15774e+10  -1.15774e+10 0.00000e+00 
4.79003e-03 1.16857e+10  -1.16856e+10 0.00000e+00 
4.80128e-03 1.17946e+10  -1.17945e+10 0.00000e+00 
4.81253e-03 1.19041e+10  -1.19041e+10 0.00000e+00 
4.82378e-03 1.20144e+10  -1.20143e+10 0.00000e+00 
4.83503e-03 1.21254e+10  -1.21253e+10 0.00000e+00 
4.84627e-03 1.22371e+10  -1.22371e+10 0.00000e+00 
4.85752e-03 1.23497e+10  -1.23496e+10 0.00000e+00 
4.86877e-03 1.24631e+10  -1.24630e+10 0.00000e+00 
4.88002e-03 1.25774e+10  -1.25773e+10 0.00000e+00 
4.89127e-03 1.26925e+10  -1.26925e+10 0.00000e+00 
4.90251e-03 1.28086e+10  -1.28085e+10 0.00000e+00 
4.91376e-03 1.29255e+10  -1.29255e+10 0.00000e+00 
4.92501e-03 1.30434e+10  -1.30433e+10 0.00000e+00 
4.93626e-03 1.31621e+10  -1.31620e+10 0.00000e+00 
4.94750e-03 1.32816e+10  -1.32815e+10 0.00000e+00 
4.95875e-03 1.34019e+10  -1.34018e+10 0.00000e+00 
4.97000e-03 1.35230e+10  -1.35229e+10 0.00000e+00 
4.98124e-03 1.36448e+10  -1.36447e+10 0.00000e+00 
4.99249e-03 1.37673e+10  -1.37672e+10 0.00000e+00 
5.00373e-03 1.38905e+10  -1.38904e+10 0.00000e+00 
5.01498e-03 1.40143e+10  -1.40143e+10 0.00000e+00 
5.02622e-03 1.41389e+10  -1.41389e+10 0.00000e+00 
5.03747e-03 1.42642e+10  -1.42642e+10 0.00000e+00 
5.04871e-03 1.43903e+10  -1.43903e+10 0.00000e+00 
5.05996e-03 1.45172e+10  -1.45171e+10 0.00000e+00 
5.07120e-03 1.46449e+10  -1.46449e+10 0.00000e+00 
5.08244e-03 1.47735e+10  -1.47735e+10 0.00000e+00 
5.09369e-03 1.49031e+10  -1.49030e+10 0.00000e+00 
5.10493e-03 1.50335e+10  -1.50335e+10 0.00000e+00 
5.11618e-03 1.51650e+10  -1.51649e+10 0.00000e+00 
5.12742e-03 1.52974e+10  -1.52973e+10 0.00000e+00 
5.13866e-03 1.54308e+10  -1.54307e+10 0.00000e+00 
5.14991e-03 1.55651e+10  -1.55651e+10 0.00000e+00 
5.16115e-03 1.57004e+10  -1.57004e+10 0.00000e+00 
5.17239e-03 1.58366e+10  -1.58366e+10 0.00000e+00 
5.18364e-03 1.59737e+10  -1.59736e+10 0.00000e+00 
5.19488e-03 1.61116e+10  -1.61115e+10 0.00000e+00 
5.20612e-03 1.62503e+10  -1.62502e+10 0.00000e+00 
5.21736e-03 1.63897e+10  -1.63896e+10 0.00000e+00 
5.22860e-03 1.65299e+10  -1.65299e+10 0.00000e+00 
5.23984e-03 1.66709e+10  -1.66709e+10 0.00000e+00 
5.25108e-03 1.68127e+10  -1.68126e+10 0.00000e+00 
5.26232e-03 1.69553e+10  -1.69552e+10 0.00000e+00 
5.27356e-03 1.70987e+10  -1.70986e+10 0.00000e+00 
5.28480e-03 1.72430e+10  -1.72429e+10 0.00000e+00 
5.29604e-03 1.73881e+10  -1.73881e+10 0.00000e+00 
5.30728e-03 1.75343e+10  -1.75342e+10 0.00000e+00 
5.31852e-03 1.76814e+10  -1.76813e+10 0.00000e+00 
5.32976e-03 1.78295e+10  -1.78295e+10 0.00000e+00 
5.34100e-03 1.79787e+10  -1.79787e+10 0.00000e+00 
5.35224e-03 1.81290e+10  -1.81289e+10 0.00000e+00 
5.36348e-03 1.82803e+10  -1.82802e+10 0.00000e+00 
5.37472e-03 1.84326e+10  -1.84325e+10 0.00000e+00 
5.38596e-03 1.85859e+10  -1.85858e+10 0.00000e+00 
5.39719e-03 1.87402e+10  -1.87401e+10 0.00000e+00 
5.40843e-03 1.88954e+10  -1.88953e+10 0.00000e+00 
5.41967e-03 1.90515e+10  -1.90515e+10 0.00000e+00 
5.43091e-03 1.92085e+10  -1.92085e+10 0.00000e+00 
5.44214e-03 1.93664e+10  -1.93663e+10 0.00000e+00 
5.45338e-03 1.95250e+10  -1.95250e+10 0.00000e+00 
5.46461e-03 1.96845e+10  -1.96845e+10 0.00000e+00 
5.47585e-03 1.98449e+10  -1.98448e+10 0.00000e+00 
5.48709e-03 2.00061e+10  -2.00060e+10 0.00000e+00 
5.49832e-03 2.01682e+10  -2.01681e+10 0.00000e+00 
5.50956e-03 2.03312e+10  -2.03312e+10 0.00000e+00 
5.52079e-03 2.04953e+10  -2.04952e+10 0.00000e+00 
5.53203e-03 2.06603e+10  -2.06603e+10 0.00000e+00 
5.54326e-03 2.08265e+10  -2.08264e+10 0.00000e+00 
5.55450e-03 2.09938e+10  -2.09937e+10 0.00000e+00 
5.56574e-03 2.11621e+10  -2.11621e+10 0.00000e+00 
5.57697e-03 2.13317e+10  -2.13316e+10 0.00000e+00 
5.58821e-03 2.15023e+10  -2.15022e+10 0.00000e+00 
5.59944e-03 2.16741e+10  -2.16740e+10 0.00000e+00 
5.61067e-03 2.18470e+10  -2.18469e+10 0.00000e+00 
5.62191e-03 2.20209e+10  -2.20208e+10 0.00000e+00 
5.63314e-03 2.21958e+10  -2.21957e+10 0.00000e+00 
5.64437e-03 2.23717e+10  -2.23716e+10 0.00000e+00 
5.65560e-03 2.25486e+10  -2.25485e+10 0.00000e+00 
5.66683e-03 2.27264e+10  -2.27263e+10 0.00000e+00 
5.67807e-03 2.29051e+10  -2.29050e+10 0.00000e+00 
5.68930e-03 2.30847e+10  -2.30846e+10 0.00000e+00 
5.70053e-03 2.32652e+10  -2.32651e+10 0.00000e+00 
5.71176e-03 2.34466e+10  -2.34465e+10 0.00000e+00 
5.72299e-03 2.36290e+10  -2.36289e+10 0.00000e+00 
5.73422e-03 2.38125e+10  -2.38124e+10 0.00000e+00 
5.74545e-03 2.39970e+10  -2.39969e+10 0.00000e+00 
5.75669e-03 2.41826e+10  -2.41825e+10 0.00000e+00 
5.76792e-03 2.43693e+10  -2.43692e+10 0.00000e+00 
5.77915e-03 2.45572e+10  -2.45571e+10 0.00000e+00 
5.79038e-03 2.47464e+10  -2.47463e+10 0.00000e+00 
5.80161e-03 2.49367e+10  -2.49366e+10 0.00000e+00 
5.81284e-03 2.51283e+10  -2.51282e+10 0.00000e+00 
5.82407e-03 2.53210e+10  -2.53209e+10 0.00000e+00 
5.83530e-03 2.55149e+10  -2.55148e+10 0.00000e+00 
5.84653e-03 2.57099e+10  -2.57098e+10 0.00000e+00 
5.85776e-03 2.59061e+10  -2.59060e+10 0.00000e+00 
5.86898e-03 2.61032e+10  -2.61032e+10 0.00000e+00 
5.88021e-03 2.63015e+10  -2.63014e+10 0.00000e+00 
5.89144e-03 2.65007e+10  -2.65006e+10 0.00000e+00 
5.90267e-03 2.67009e+10  -2.67008e+10 0.00000e+00 
5.91389e-03 2.69020e+10  -2.69019e+10 0.00000e+00 
5.92512e-03 2.71042e+10  -2.71041e+10 0.00000e+00 
5.93635e-03 2.73074e+10  -2.73073e+10 0.00000e+00 
5.94758e-03 2.75116e+10  -2.75115e+10 0.00000e+00 
5.95880e-03 2.77170e+10  -2.77169e+10 0.00000e+00 
5.97003e-03 2.79234e+10  -2.79233e+10 0.00000e+00 
5.98126e-03 2.81311e+10  -2.81310e+10 0.00000e+00 
5.99248e-03 2.83400e+10  -2.83399e+10 0.00000e+00 
6.00371e-03 2.85501e+10  -2.85500e+10 0.00000e+00 
6.01494e-03 2.87616e+10  -2.87615e+10 0.00000e+00 
6.02616e-03 2.89743e+10  -2.89742e+10 0.00000e+00 
6.03739e-03 2.91884e+10  -2.91883e+10 0.00000e+00 
6.04862e-03 2.94037e+10  -2.94036e+10 0.00000e+00 
6.05984e-03 2.96203e+10  -2.96202e+10 0.00000e+00 
6.07106e-03 2.98382e+10  -2.98381e+10 0.00000e+00 
6.08229e-03 3.00572e+10  -3.00571e+10 0.00000e+00 
6.09351e-03 3.02774e+10  -3.02773e+10 0.00000e+00 
6.10473e-03 3.04986e+10  -3.04985e+10 0.00000e+00 
6.11596e-03 3.07210e+10  -3.07209e+10 0.00000e+00 
6.12718e-03 3.09444e+10  -3.09443e+10 0.00000e+00 
6.13840e-03 3.11689e+10  -3.11688e+10 0.00000e+00 
6.14962e-03 3.13944e+10  -3.13943e+10 0.00000e+00 
6.16085e-03 3.16211e+10  -3.16210e+10 0.00000e+00 
6.17207e-03 3.18488e+10  -3.18487e+10 0.00000e+00 
6.18329e-03 3.20777e+10  -3.20776e+10 0.00000e+00 
6.19452e-03 3.23078e+10  -3.23077e+10 0.00000e+00 
6.20574e-03 3.25392e+10  -3.25391e+10 0.00000e+00 
6.21696e-03 3.27718e+10  -3.27717e+10 0.00000e+00 
6.22818e-03 3.30058e+10  -3.30057e+10 0.00000e+00 
6.23941e-03 3.32412e+10  -3.32411e+10 0.00000e+00 
6.25063e-03 3.34780e+10  -3.34779e+10 0.00000e+00 
6.26185e-03 3.37161e+10  -3.37160e+10 0.00000e+00 
6.27307e-03 3.39557e+10  -3.39555e+10 0.00000e+00 
6.28429e-03 3.41965e+10  -3.41964e+10 0.00000e+00 
6.29551e-03 3.44387e+10  -3.44386e+10 0.00000e+00 
6.30673e-03 3.46822e+10  -3.46821e+10 0.00000e+00 
6.31795e-03 3.49269e+10  -3.49268e+10 0.00000e+00 
6.32916e-03 3.51728e+10  -3.51727e+10 0.00000e+00 
6.34038e-03 3.54199e+10  -3.54198e+10 0.00000e+00 
6.35160e-03 3.56681e+10  -3.56680e+10 0.00000e+00 
6.36282e-03 3.59174e+10  -3.59173e+10 0.00000e+00 
6.37404e-03 3.61680e+10  -3.61678e+10 0.00000e+00 
6.38526e-03 3.64196e+10  -3.64195e+10 0.00000e+00 
6.39648e-03 3.66725e+10  -3.66724e+10 0.00000e+00 
6.40770e-03 3.69266e+10  -3.69265e+10 0.00000e+00 
6.41892e-03 3.71820e+10  -3.71819e+10 0.00000e+00 
6.43013e-03 3.74388e+10  -3.74387e+10 0.00000e+00 
6.44135e-03 3.76969e+10  -3.76968e+10 0.00000e+00 
6.45257e-03 3.79565e+10  -3.79564e+10 0.00000e+00 
6.46379e-03 3.82175e+10  -3.82174e+10 0.00000e+00 
6.47500e-03 3.84801e+10  -3.84800e+10 0.00000e+00 
6.48622e-03 3.87441e+10  -3.87440e+10 0.00000e+00 
6.49744e-03 3.90096e+10  -3.90094e+10 0.00000e+00 
6.50865e-03 3.92765e+10  -3.92764e+10 0.00000e+00 
6.51987e-03 3.95448e+10  -3.95447e+10 0.00000e+00 
6.53108e-03 3.98146e+10  -3.98145e+10 0.00000e+00 
6.54229e-03 4.00856e+10  -4.00855e+10 0.00000e+00 
6.55351e-03 4.03580e+10  -4.03579e+10 0.00000e+00 
6.56472e-03 4.06316e+10  -4.06315e+10 0.00000e+00 
6.57594e-03 4.09064e+10  -4.09063e+10 0.00000e+00 
6.58715e-03 4.11825e+10  -4.11823e+10 0.00000e+00 
6.59837e-03 4.14597e+10  -4.14596e+10 0.00000e+00 
6.60958e-03 4.17383e+10  -4.17381e+10 0.00000e+00 
6.62080e-03 4.20180e+10  -4.20179e+10 0.00000e+00 
6.63201e-03 4.22991e+10  -4.22990e+10 0.00000e+00 
6.64323e-03 4.25816e+10  -4.25815e+10 0.00000e+00 
6.65444e-03 4.28654e+10  -4.28653e+10 0.00000e+00 
6.66565e-03 4.31507e+10  -4.31506e+10 0.00000e+00 
6.67687e-03 4.34376e+10  -4.34374e+10 0.00000e+00 
6.68808e-03 4.37259e+10  -4.37258e+10 0.00000e+00 
6.69929e-03 4.40159e+10  -4.40157e+10 0.00000e+00 
6.71050e-03 4.43074e+10  -4.43072e+10 0.00000e+00 
6.72172e-03 4.46004e+10  -4.46003e+10 0.00000e+00 
6.73293e-03 4.48951e+10  -4.48949e+10 0.00000e+00 
6.74414e-03 4.51912e+10  -4.51911e+10 0.00000e+00 
6.75535e-03 4.54888e+10  -4.54887e+10 0.00000e+00 
6.76656e-03 4.57879e+10  -4.57878e+10 0.00000e+00 
6.77777e-03 4.60883e+10  -4.60882e+10 0.00000e+00 
6.78898e-03 4.63901e+10  -4.63900e+10 0.00000e+00 
6.80019e-03 4.66933e+10  -4.66932e+10 0.00000e+00 
6.81140e-03 4.69978e+10  -4.69976e+10 0.00000e+00 
6.82261e-03 4.73035e+10  -4.73034e+10 0.00000e+00 
6.83382e-03 4.76106e+10  -4.76105e+10 0.00000e+00 
6.84503e-03 4.79191e+10  -4.79189e+10 0.00000e+00 
6.85624e-03 4.82289e+10  -4.82288e+10 0.00000e+00 
6.86745e-03 4.85402e+10  -4.85401e+10 0.00000e+00 
6.87866e-03 4.88530e+10  -4.88528e+10 0.00000e+00 
6.88987e-03 4.91673e+10  -4.91671e+10 0.00000e+00 
6.90108e-03 4.94832e+10  -4.94831e+10 0.00000e+00 
6.91229e-03 4.98008e+10  -4.98007e+10 0.00000e+00 
6.92350e-03 5.01200e+10  -5.01199e+10 0.00000e+00 
6.93470e-03 5.04409e+10  -5.04408e+10 0.00000e+00 
6.94591e-03 5.07635e+10  -5.07634e+10 0.00000e+00 
6.95712e-03 5.10878e+10  -5.10876e+10 0.00000e+00 
6.96832e-03 5.14136e+10  -5.14135e+10 0.00000e+00 
6.97953e-03 5.17411e+10  -5.17409e+10 0.00000e+00 
6.99073e-03 5.20700e+10  -5.20699e+10 0.00000e+00 
7.00194e-03 5.24005e+10  -5.24004e+10 0.00000e+00 
7.01315e-03 5.27324e+10  -5.27323e+10 0.00000e+00 
7.02435e-03 5.30658e+10  -5.30656e+10 0.00000e+00 
7.03556e-03 5.34005e+10  -5.34004e+10 0.00000e+00 
7.04677e-03 5.37366e+10  -5.37365e+10 0.00000e+00 
7.05797e-03 5.40741e+10  -5.40740e+10 0.00000e+00 
7.06918e-03 5.44130e+10  -5.44129e+10 0.00000e+00 
7.08038e-03 5.47534e+10  -5.47533e+10 0.00000e+00 
7.09159e-03 5.50953e+10  -5.50951e+10 0.00000e+00 
7.10279e-03 5.54387e+10  -5.54386e+10 0.00000e+00 
7.11400e-03 5.57838e+10  -5.57837e+10 0.00000e+00 
7.12520e-03 5.61306e+10  -5.61305e+10 0.00000e+00 
7.13641e-03 5.64791e+10  -5.64790e+10 0.00000e+00 
7.14761e-03 5.68294e+10  -5.68292e+10 0.00000e+00 
7.15881e-03 5.71814e+10  -5.71813e+10 0.00000e+00 
7.17002e-03 5.75352e+10  -5.75351e+10 0.00000e+00 
7.18122e-03 5.78908e+10  -5.78907e+10 0.00000e+00 
7.19242e-03 5.82481e+10  -5.82480e+10 0.00000e+00 
7.20362e-03 5.86071e+10  -5.86070e+10 0.00000e+00 
7.21483e-03 5.89678e+10  -5.89676e+10 0.00000e+00 
7.22603e-03 5.93300e+10  -5.93299e+10 0.00000e+00 
7.23723e-03 5.96938e+10  -5.96937e+10 0.00000e+00 
7.24843e-03 6.00592e+10  -6.00590e+10 0.00000e+00 
7.25963e-03 6.04260e+10  -6.04259e+10 0.00000e+00 
7.27084e-03 6.07943e+10  -6.07942e+10 0.00000e+00 
7.28204e-03 6.11641e+10  -6.11640e+10 0.00000e+00 
7.29324e-03 6.15354e+10  -6.15353e+10 0.00000e+00 
7.30444e-03 6.19083e+10  -6.19081e+10 0.00000e+00 
7.31564e-03 6.22828e+10  -6.22826e+10 0.00000e+00 
7.32684e-03 6.26589e+10  -6.26587e+10 0.00000e+00 
7.33804e-03 6.30367e+10  -6.30366e+10 0.00000e+00 
7.34924e-03 6.34163e+10  -6.34162e+10 0.00000e+00 
7.36044e-03 6.37978e+10  -6.37976e+10 0.00000e+00 
7.37164e-03 6.41811e+10  -6.41809e+10 0.00000e+00 
7.38284e-03 6.45663e+10  -6.45661e+10 0.00000e+00 
7.39404e-03 6.49533e+10  -6.49532e+10 0.00000e+00 
7.40523e-03 6.53422e+10  -6.53421e+10 0.00000e+00 
7.41643e-03 6.57330e+10  -6.57329e+10 0.00000e+00 
7.42763e-03 6.61256e+10  -6.61254e+10 0.00000e+00 
7.43883e-03 6.65199e+10  -6.65197e+10 0.00000e+00 
7.45003e-03 6.69159e+10  -6.69158e+10 0.00000e+00 
7.46123e-03 6.73136e+10  -6.73134e+10 0.00000e+00 
7.47242e-03 6.77129e+10  -6.77127e+10 0.00000e+00 
7.48362e-03 6.81137e+10  -6.81136e+10 0.00000e+00 
7.49482e-03 6.85162e+10  -6.85160e+10 0.00000e+00 
7.50602e-03 6.89202e+10  -6.89200e+10 0.00000e+00 
7.51721e-03 6.93257e+10  -6.93256e+10 0.00000e+00 
7.52841e-03 6.97329e+10  -6.97328e+10 0.00000e+00 
7.53961e-03 7.01418e+10  -7.01416e+10 0.00000e+00 
7.55080e-03 7.05524e+10  -7.05522e+10 0.00000e+00 
7.56200e-03 7.09648e+10  -7.09646e+10 0.00000e+00 
7.57319e-03 7.13790e+10  -7.13789e+10 0.00000e+00 
7.58439e-03 7.17952e+10  -7.17950e+10 0.00000e+00 
7.59558e-03 7.22133e+10  -7.22132e+10 0.00000e+00 
7.60678e-03 7.26334e+10  -7.26333e+10 0.00000e+00 
7.61797e-03 7.30555e+10  -7.30553e+10 0.00000e+00 
7.62917e-03 7.34796e+10  -7.34794e+10 0.00000e+00 
7.64036e-03 7.39056e+10  -7.39055e+10 0.00000e+00 
7.65155e-03 7.43336e+10  -7.43335e+10 0.00000e+00 
7.66275e-03 7.47635e+10  -7.47633e+10 0.00000e+00 
7.67394e-03 7.51952e+10  -7.51950e+10 0.00000e+00 
7.68514e-03 7.56286e+10  -7.56285e+10 0.00000e+00 
7.69633e-03 7.60638e+10  -7.60636e+10 0.00000e+00 
7.70752e-03 7.65007e+10  -7.65005e+10 0.00000e+00 
7.71872e-03 7.69392e+10  -7.69390e+10 0.00000e+00 
7.72991e-03 7.73794e+10  -7.73792e+10 0.00000e+00 
7.74110e-03 7.78213e+10  -7.78211e+10 0.00000e+00 
7.75229e-03 7.82649e+10  -7.82647e+10 0.00000e+00 
7.76348e-03 7.87103e+10  -7.87101e+10 0.00000e+00 
7.77467e-03 7.91575e+10  -7.91573e+10 0.00000e+00 
7.78587e-03 7.96066e+10  -7.96064e+10 0.00000e+00 
7.79706e-03 8.00576e+10  -8.00574e+10 0.00000e+00 
7.80825e-03 8.05106e+10  -8.05105e+10 0.00000e+00 
7.81944e-03 8.09657e+10  -8.09655e+10 0.00000e+00 
7.83063e-03 8.14229e+10  -8.14227e+10 0.00000e+00 
7.84182e-03 8.18821e+10  -8.18819e+10 0.00000e+00 
7.85301e-03 8.23434e+10  -8.23433e+10 0.00000e+00 
7.86420e-03 8.28068e+10  -8.28067e+10 0.00000e+00 
7.87539e-03 8.32723e+10  -8.32721e+10 0.00000e+00 
7.88658e-03 8.37397e+10  -8.37396e+10 0.00000e+00 
7.89777e-03 8.42091e+10  -8.42089e+10 0.00000e+00 
7.90896e-03 8.46803e+10  -8.46801e+10 0.00000e+00 
7.92015e-03 8.51533e+10  -8.51532e+10 0.00000e+00 
7.93134e-03 8.56281e+10  -8.56280e+10 0.00000e+00 
7.94252e-03 8.61047e+10  -8.61046e+10 0.00000e+00 
7.95371e-03 8.65831e+10  -8.65829e+10 0.00000e+00 
7.96490e-03 8.70632e+10  -8.70630e+10 0.00000e+00 
7.97609e-03 8.75451e+10  -8.75449e+10 0.00000e+00 
7.98727e-03 8.80289e+10  -8.80287e+10 0.00000e+00 
7.99846e-03 8.85146e+10  -8.85144e+10 0.00000e+00 
8.00965e-03 8.90022e+10  -8.90020e+10 0.00000e+00 
8.02083e-03 8.94919e+10  -8.94917e+10 0.00000e+00 
8.03202e-03 8.99837e+10  -8.99835e+10 0.00000e+00 
8.04321e-03 9.04776e+10  -9.04774e+10 0.00000e+00 
8.05439e-03 9.09737e+10  -9.09735e+10 0.00000e+00 
8.06558e-03 9.14720e+10  -9.14718e+10 0.00000e+00 
8.07677e-03 9.19725e+10  -9.19723e+10 0.00000e+00 
8.08795e-03 9.24752e+10  -9.24750e+10 0.00000e+00 
8.09914e-03 9.29801e+10  -9.29799e+10 0.00000e+00 
8.11032e-03 9.34871e+10  -9.34869e+10 0.00000e+00 
8.12151e-03 9.39961e+10  -9.39960e+10 0.00000e+00 
8.13269e-03 9.45072e+10  -9.45070e+10 0.00000e+00 
8.14388e-03 9.50202e+10  -9.50200e+10 0.00000e+00 
8.15506e-03 9.55351e+10  -9.55350e+10 0.00000e+00 
8.16625e-03 9.60519e+10  -9.60518e+10 0.00000e+00 
8.17743e-03 9.65706e+10  -9.65704e+10 0.00000e+00 
8.18861e-03 9.70912e+10  -9.70910e+10 0.00000e+00 
8.19979e-03 9.76136e+10  -9.76135e+10 0.00000e+00 
8.21098e-03 9.81380e+10  -9.81379e+10 0.00000e+00 
8.22216e-03 9.86644e+10  -9.86642e+10 0.00000e+00 
8.23334e-03 9.91929e+10  -9.91927e+10 0.00000e+00 
8.24452e-03 9.97234e+10  -9.97232e+10 0.00000e+00 
8.25571e-03 1.00256e+11  -1.00256e+11 0.00000e+00 
8.26689e-03 1.00791e+11  -1.00791e+11 0.00000e+00 
8.27807e-03 1.01328e+11  -1.01328e+11 0.00000e+00 
8.28925e-03 1.01868e+11  -1.01868e+11 0.00000e+00 
8.30044e-03 1.02410e+11  -1.02410e+11 0.00000e+00 
8.31162e-03 1.02954e+11  -1.02954e+11 0.00000e+00 
8.32280e-03 1.03500e+11  -1.03500e+11 0.00000e+00 
8.33398e-03 1.04049e+11  -1.04049e+11 0.00000e+00 
8.34516e-03 1.04600e+11  -1.04600e+11 0.00000e+00 
8.35634e-03 1.05153e+11  -1.05153e+11 0.00000e+00 
8.36752e-03 1.05708e+11  -1.05708e+11 0.00000e+00 
8.37870e-03 1.06265e+11  -1.06265e+11 0.00000e+00 
8.38988e-03 1.06824e+11  -1.06824e+11 0.00000e+00 
8.40106e-03 1.07385e+11  -1.07385e+11 0.00000e+00 
8.41224e-03 1.07948e+11  -1.07947e+11 0.00000e+00 
8.42342e-03 1.08513e+11  -1.08512e+11 0.00000e+00 
8.43460e-03 1.09080e+11  -1.09079e+11 0.00000e+00 
8.44577e-03 1.09649e+11  -1.09648e+11 0.00000e+00 
8.45695e-03 1.10220e+11  -1.10220e+11 0.00000e+00 
8.46813e-03 1.10793e+11  -1.10793e+11 0.00000e+00 
8.47931e-03 1.11369e+11  -1.11369e+11 0.00000e+00 
8.49049e-03 1.11947e+11  -1.11947e+11 0.00000e+00 
8.50167e-03 1.12527e+11  -1.12527e+11 0.00000e+00 
8.51284e-03 1.13110e+11  -1.13110e+11 0.00000e+00 
8.52402e-03 1.13695e+11  -1.13695e+11 0.00000e+00 
8.53520e-03 1.14283e+11  -1.14283e+11 0.00000e+00 
8.54638e-03 1.14873e+11  -1.14873e+11 0.00000e+00 
8.55755e-03 1.15465e+11  -1.15465e+11 0.00000e+00 
8.56873e-03 1.16060e+11  -1.16060e+11 0.00000e+00 
8.57991e-03 1.16657e+11  -1.16657e+11 0.00000e+00 
8.59108e-03 1.17256e+11  -1.17256e+11 0.00000e+00 
8.60226e-03 1.17858e+11  -1.17858e+11 0.00000e+00 
8.61343e-03 1.18461e+11  -1.18461e+11 0.00000e+00 
8.62461e-03 1.19067e+11  -1.19067e+11 0.00000e+00 
8.63578e-03 1.19675e+11  -1.19674e+11 0.00000e+00 
8.64695e-03 1.20284e+11  -1.20284e+11 0.00000e+00 
8.65813e-03 1.20896e+11  -1.20896e+11 0.00000e+00 
8.66930e-03 1.21510e+11  -1.21510e+11 0.00000e+00 
8.68048e-03 1.22127e+11  -1.22126e+11 0.00000e+00 
8.69165e-03 1.22745e+11  -1.22745e+11 0.00000e+00 
8.70282e-03 1.23366e+11  -1.23366e+11 0.00000e+00 
8.71400e-03 1.23989e+11  -1.23989e+11 0.00000e+00 
8.72517e-03 1.24615e+11  -1.24615e+11 0.00000e+00 
8.73635e-03 1.25244e+11  -1.25243e+11 0.00000e+00 
8.74752e-03 1.25874e+11  -1.25874e+11 0.00000e+00 
8.75869e-03 1.26508e+11  -1.26507e+11 0.00000e+00 
8.76987e-03 1.27143e+11  -1.27143e+11 0.00000e+00 
8.78104e-03 1.27782e+11  -1.27782e+11 0.00000e+00 
8.79221e-03 1.28423e+11  -1.28422e+11 0.00000e+00 
8.80338e-03 1.29066e+11  -1.29065e+11 0.00000e+00 
8.81455e-03 1.29711e+11  -1.29711e+11 0.00000e+00 
8.82572e-03 1.30359e+11  -1.30359e+11 0.00000e+00 
8.83689e-03 1.31009e+11  -1.31009e+11 0.00000e+00 
8.84806e-03 1.31661e+11  -1.31661e+11 0.00000e+00 
8.85923e-03 1.32316e+11  -1.32315e+11 0.00000e+00 
8.87040e-03 1.32972e+11  -1.32972e+11 0.00000e+00 
8.88157e-03 1.33631e+11  -1.33631e+11 0.00000e+00 
8.89274e-03 1.34292e+11  -1.34292e+11 0.00000e+00 
8.90391e-03 1.34956e+11  -1.34955e+11 0.00000e+00 
8.91508e-03 1.35621e+11  -1.35621e+11 0.00000e+00 
8.92625e-03 1.36290e+11  -1.36290e+11 0.00000e+00 
8.93742e-03 1.36961e+11  -1.36960e+11 0.00000e+00 
8.94859e-03 1.37634e+11  -1.37634e+11 0.00000e+00 
8.95976e-03 1.38310e+11  -1.38310e+11 0.00000e+00 
8.97093e-03 1.38988e+11  -1.38988e+11 0.00000e+00 
8.98210e-03 1.39670e+11  -1.39669e+11 0.00000e+00 
8.99327e-03 1.40353e+11  -1.40353e+11 0.00000e+00 
9.00444e-03 1.41040e+11  -1.41040e+11 0.00000e+00 
9.01561e-03 1.41729e+11  -1.41729e+11 0.00000e+00 
9.02677e-03 1.42421e+11  -1.42420e+11 0.00000e+00 
9.03794e-03 1.43115e+11  -1.43114e+11 0.00000e+00 
9.04910e-03 1.43811e+11  -1.43811e+11 0.00000e+00 
9.06027e-03 1.44510e+11  -1.44510e+11 0.00000e+00 
9.07144e-03 1.45211e+11  -1.45211e+11 0.00000e+00 
9.08260e-03 1.45915e+11  -1.45915e+11 0.00000e+00 
9.09377e-03 1.46621e+11  -1.46621e+11 0.00000e+00 
9.10493e-03 1.47329e+11  -1.47329e+11 0.00000e+00 
9.11610e-03 1.48040e+11  -1.48040e+11 0.00000e+00 
9.12726e-03 1.48753e+11  -1.48753e+11 0.00000e+00 
9.13843e-03 1.49468e+11  -1.49468e+11 0.00000e+00 
9.14960e-03 1.50186e+11  -1.50186e+11 0.00000e+00 
9.16076e-03 1.50907e+11  -1.50907e+11 0.00000e+00 
9.17193e-03 1.51630e+11  -1.51630e+11 0.00000e+00 
9.18309e-03 1.52356e+11  -1.52355e+11 0.00000e+00 
9.19426e-03 1.53084e+11  -1.53084e+11 0.00000e+00 
9.20542e-03 1.53816e+11  -1.53815e+11 0.00000e+00 
9.21659e-03 1.54550e+11  -1.54549e+11 0.00000e+00 
9.22775e-03 1.55286e+11  -1.55286e+11 0.00000e+00 
9.23891e-03 1.56026e+11  -1.56026e+11 0.00000e+00 
9.25008e-03 1.56768e+11  -1.56768e+11 0.00000e+00 
9.26124e-03 1.57513e+11  -1.57513e+11 0.00000e+00 
9.27240e-03 1.58260e+11  -1.58260e+11 0.00000e+00 
9.28356e-03 1.59010e+11  -1.59010e+11 0.00000e+00 
9.29472e-03 1.59763e+11  -1.59762e+11 0.00000e+00 
9.30588e-03 1.60517e+11  -1.60517e+11 0.00000e+00 
9.31705e-03 1.61275e+11  -1.61275e+11 0.00000e+00 
9.32821e-03 1.62035e+11  -1.62034e+11 0.00000e+00 
9.33937e-03 1.62797e+11  -1.62797e+11 0.00000e+00 
9.35053e-03 1.63562e+11  -1.63561e+11 0.00000e+00 
9.36169e-03 1.64329e+11  -1.64329e+11 0.00000e+00 
9.37285e-03 1.65099e+11  -1.65099e+11 0.00000e+00 
9.38401e-03 1.65871e+11  -1.65871e+11 0.00000e+00 
9.39518e-03 1.66647e+11  -1.66646e+11 0.00000e+00 
9.40634e-03 1.67425e+11  -1.67424e+11 0.00000e+00 
9.41750e-03 1.68206e+11  -1.68205e+11 0.00000e+00 
9.42866e-03 1.68989e+11  -1.68989e+11 0.00000e+00 
9.43982e-03 1.69776e+11  -1.69776e+11 0.00000e+00 
9.45098e-03 1.70565e+11  -1.70565e+11 0.00000e+00 
9.46214e-03 1.71358e+11  -1.71358e+11 0.00000e+00 
9.47329e-03 1.72153e+11  -1.72153e+11 0.00000e+00 
9.48445e-03 1.72951e+11  -1.72951e+11 0.00000e+00 
9.49561e-03 1.73752e+11  -1.73752e+11 0.00000e+00 
9.50677e-03 1.74555e+11  -1.74555e+11 0.00000e+00 
9.51792e-03 1.75361e+11  -1.75361e+11 0.00000e+00 
9.52908e-03 1.76170e+11  -1.76170e+11 0.00000e+00 
9.54024e-03 1.76981e+11  -1.76981e+11 0.00000e+00 
9.55140e-03 1.77795e+11  -1.77795e+11 0.00000e+00 
9.56255e-03 1.78611e+11  -1.78611e+11 0.00000e+00 
9.57371e-03 1.79430e+11  -1.79430e+11 0.00000e+00 
9.58487e-03 1.80252e+11  -1.80252e+11 0.00000e+00 
9.59602e-03 1.81076e+11  -1.81076e+11 0.00000e+00 
9.60718e-03 1.81903e+11  -1.81903e+11 0.00000e+00 
9.61834e-03 1.82733e+11  -1.82732e+11 0.00000e+00 
9.62950e-03 1.83565e+11  -1.83565e+11 0.00000e+00 
9.64065e-03 1.84401e+11  -1.84401e+11 0.00000e+00 
9.65181e-03 1.85239e+11  -1.85239e+11 0.00000e+00 
9.66296e-03 1.86081e+11  -1.86080e+11 0.00000e+00 
9.67412e-03 1.86925e+11  -1.86925e+11 0.00000e+00 
9.68527e-03 1.87772e+11  -1.87772e+11 0.00000e+00 
9.69643e-03 1.88623e+11  -1.88623e+11 0.00000e+00 
9.70758e-03 1.89476e+11  -1.89476e+11 0.00000e+00 
9.71873e-03 1.90332e+11  -1.90332e+11 0.00000e+00 
9.72989e-03 1.91191e+11  -1.91191e+11 0.00000e+00 
9.74104e-03 1.92053e+11  -1.92053e+11 0.00000e+00 
9.75219e-03 1.92918e+11  -1.92918e+11 0.00000e+00 
9.76335e-03 1.93785e+11  -1.93785e+11 0.00000e+00 
9.77450e-03 1.94655e+11  -1.94655e+11 0.00000e+00 
9.78565e-03 1.95528e+11  -1.95528e+11 0.00000e+00 
9.79681e-03 1.96404e+11  -1.96403e+11 0.00000e+00 
9.80796e-03 1.97282e+11  -1.97281e+11 0.00000e+00 
9.81911e-03 1.98163e+11  -1.98162e+11 0.00000e+00 
9.83027e-03 1.99046e+11  -1.99046e+11 0.00000e+00 
9.84142e-03 1.99933e+11  -1.99933e+11 0.00000e+00 
9.85257e-03 2.00822e+11  -2.00822e+11 0.00000e+00 
9.86372e-03 2.01715e+11  -2.01715e+11 0.00000e+00 
9.87487e-03 2.02611e+11  -2.02610e+11 0.00000e+00 
9.88602e-03 2.03509e+11  -2.03509e+11 0.00000e+00 
9.89717e-03 2.04411e+11  -2.04411e+11 0.00000e+00 
9.90832e-03 2.05316e+11  -2.05316e+11 0.00000e+00 
9.91947e-03 2.06224e+11  -2.06224e+11 0.00000e+00 
9.93062e-03 2.07136e+11  -2.07135e+11 0.00000e+00 
9.94177e-03 2.08050e+11  -2.08050e+11 0.00000e+00 
9.95292e-03 2.08967e+11  -2.08967e+11 0.00000e+00 
9.96407e-03 2.09888e+11  -2.09887e+11 0.00000e+00 
9.97522e-03 2.10811e+11  -2.10810e+11 0.00000e+00 
9.98637e-03 2.11737e+11  -2.11736e+11 0.00000e+00 
9.99752e-03 2.12666e+11  -2.12665e+11 0.00000e+00 
