2.72331e-05 3.52447e+02  1.91451e-10 0.00000e+00 
5.44663e-05 4.90085e+03  -3.84675e+03 0.00000e+00 
8.16994e-05 2.08701e+04  -1.91049e+04 0.00000e+00 
1.08932e-04 5.42158e+04  -5.20606e+04 0.00000e+00 
1.36165e-04 1.05299e+05  -1.03238e+05 0.00000e+00 
1.63397e-04 1.67126e+05  -1.65577e+05 0.00000e+00 
1.90627e-04 2.27065e+05  -2.26192e+05 0.00000e+00 
2.17857e-04 2.71270e+05  -2.70930e+05 0.00000e+00 
2.45085e-04 2.89776e+05  -2.89607e+05 0.00000e+00 
2.72312e-04 2.79982e+05  -2.79591e+05 0.00000e+00 
2.99538e-04 2.47126e+05  -2.46275e+05 0.00000e+00 
3.26763e-04 2.01749e+05  -2.00450e+05 0.00000e+00 
3.53989e-04 1.55471e+05  -1.53961e+05 0.00000e+00 
3.81215e-04 1.17020e+05  -1.15632e+05 0.00000e+00 
4.08443e-04 9.01248e+04  -8.91232e+04 0.00000e+00 
4.35672e-04 7.38885e+04  -7.33493e+04 0.00000e+00 
4.62903e-04 6.50841e+04  -6.48728e+04 0.00000e+00 
4.90136e-04 6.09522e+04  -6.08034e+04 0.00000e+00 
5.17369e-04 6.10178e+04  -6.06718e+04 0.00000e+00 
5.44603e-04 6.70919e+04  -6.64162e+04 0.00000e+00 
5.71836e-04 8.16275e+04  -8.06688e+04 0.00000e+00 
5.99069e-04 1.05453e+05  -1.04398e+05 0.00000e+00 
6.26302e-04 1.36172e+05  -1.35244e+05 0.00000e+00 
6.53535e-04 1.68142e+05  -1.67489e+05 0.00000e+00 
6.80768e-04 1.94118e+05  -1.93744e+05 0.00000e+00 
7.08001e-04 2.07785e+05  -2.07563e+05 0.00000e+00 
7.35234e-04 2.06008e+05  -2.05753e+05 0.00000e+00 
7.62468e-04 1.89800e+05  -1.89365e+05 0.00000e+00 
7.89699e-04 1.63641e+05  -1.62989e+05 0.00000e+00 
8.16929e-04 1.33587e+05  -1.32801e+05 0.00000e+00 
8.44157e-04 1.05093e+05  -1.04325e+05 0.00000e+00 
8.71386e-04 8.15170e+04  -8.09111e+04 0.00000e+00 
8.98615e-04 6.38266e+04  -6.34463e+04 0.00000e+00 
9.25845e-04 5.13985e+04  -5.12003e+04 0.00000e+00 
9.53076e-04 4.33315e+04  -4.31935e+04 0.00000e+00 
9.80309e-04 3.94772e+04  -3.92649e+04 0.00000e+00 
1.00754e-03 4.06322e+04  -4.02669e+04 0.00000e+00 
1.03478e-03 4.78556e+04  -4.73498e+04 0.00000e+00 
1.06201e-03 6.13556e+04  -6.08006e+04 0.00000e+00 
1.08924e-03 7.96318e+04  -7.91455e+04 0.00000e+00 
1.11648e-03 9.94176e+04  -9.90816e+04 0.00000e+00 
1.14371e-03 1.16542e+05  -1.16360e+05 0.00000e+00 
1.17094e-03 1.27346e+05  -1.27244e+05 0.00000e+00 
1.19817e-03 1.30030e+05  -1.29894e+05 0.00000e+00 
1.22540e-03 1.25308e+05  -1.25044e+05 0.00000e+00 
1.25262e-03 1.16080e+05  -1.15659e+05 0.00000e+00 
1.27985e-03 1.06287e+05  -1.05756e+05 0.00000e+00 
1.30707e-03 9.94895e+04  -9.89502e+04 0.00000e+00 
1.33429e-03 9.77948e+04  -9.73474e+04 0.00000e+00 
1.36151e-03 1.01523e+05  -1.01221e+05 0.00000e+00 
1.38874e-03 1.09630e+05  -1.09459e+05 0.00000e+00 
1.41596e-03 1.20543e+05  -1.20432e+05 0.00000e+00 
1.44319e-03 1.32916e+05  -1.32776e+05 0.00000e+00 
1.47042e-03 1.45924e+05  -1.45693e+05 0.00000e+00 
1.49765e-03 1.59034e+05  -1.58704e+05 0.00000e+00 
1.52488e-03 1.71471e+05  -1.71081e+05 0.00000e+00 
1.55212e-03 1.81787e+05  -1.81400e+05 0.00000e+00 
1.57935e-03 1.87864e+05  -1.87526e+05 0.00000e+00 
1.60658e-03 1.87443e+05  -1.87159e+05 0.00000e+00 
1.63382e-03 1.78958e+05  -1.78690e+05 0.00000e+00 
1.66105e-03 1.62286e+05  -1.61977e+05 0.00000e+00 
1.68828e-03 1.39047e+05  -1.38655e+05 0.00000e+00 
1.71552e-03 1.12273e+05  -1.11797e+05 0.00000e+00 
1.74275e-03 8.55893e+04  -8.50720e+04 0.00000e+00 
1.76998e-03 6.22495e+04  -6.17594e+04 0.00000e+00 
1.79721e-03 4.44498e+04  -4.40451e+04 0.00000e+00 
1.82445e-03 3.31556e+04  -3.28538e+04 0.00000e+00 
1.85168e-03 2.84340e+04  -2.82021e+04 0.00000e+00 
1.87890e-03 3.00131e+04  -2.97838e+04 0.00000e+00 
1.90613e-03 3.76983e+04  -3.74045e+04 0.00000e+00 
1.93335e-03 5.13861e+04  -5.09957e+04 0.00000e+00 
1.96058e-03 7.06607e+04  -7.01952e+04 0.00000e+00 
1.98781e-03 9.42212e+04  -9.37461e+04 0.00000e+00 
2.01503e-03 1.19513e+05  -1.19105e+05 0.00000e+00 
2.04226e-03 1.42870e+05  -1.42581e+05 0.00000e+00 
2.06949e-03 1.60272e+05  -1.60094e+05 0.00000e+00 
2.09672e-03 1.68462e+05  -1.68334e+05 0.00000e+00 
2.12395e-03 1.65995e+05  -1.65825e+05 0.00000e+00 
2.15119e-03 1.53742e+05  -1.53453e+05 0.00000e+00 
2.17842e-03 1.34646e+05  -1.34214e+05 0.00000e+00 
2.20565e-03 1.12799e+05  -1.12264e+05 0.00000e+00 
2.23289e-03 9.22222e+04  -9.16725e+04 0.00000e+00 
2.26011e-03 7.58358e+04  -7.53691e+04 0.00000e+00 
2.28734e-03 6.50081e+04  -6.46869e+04 0.00000e+00 
2.31457e-03 5.97754e+04  -5.95979e+04 0.00000e+00 
2.34180e-03 5.95413e+04  -5.94418e+04 0.00000e+00 
2.36902e-03 6.38534e+04  -6.37310e+04 0.00000e+00 
2.39625e-03 7.28402e+04  -7.26041e+04 0.00000e+00 
2.42347e-03 8.70762e+04  -8.66869e+04 0.00000e+00 
2.45070e-03 1.06939e+05  -1.06427e+05 0.00000e+00 
2.47792e-03 1.31788e+05  -1.31238e+05 0.00000e+00 
2.50515e-03 1.59397e+05  -1.58915e+05 0.00000e+00 
2.53238e-03 1.85997e+05  -1.85661e+05 0.00000e+00 
2.55961e-03 2.06999e+05  -2.06827e+05 0.00000e+00 
2.58685e-03 2.18192e+05  -2.18132e+05 0.00000e+00 
2.61408e-03 2.16965e+05  -2.16918e+05 0.00000e+00 
2.64131e-03 2.03108e+05  -2.02971e+05 0.00000e+00 
2.66855e-03 1.78891e+05  -1.78597e+05 0.00000e+00 
2.69578e-03 1.48400e+05  -1.47944e+05 0.00000e+00 
2.72301e-03 1.16404e+05  -1.15842e+05 0.00000e+00 
2.75024e-03 8.71567e+04  -8.65797e+04 0.00000e+00 
2.77748e-03 6.35457e+04  -6.30464e+04 0.00000e+00 
2.80471e-03 4.68218e+04  -4.64572e+04 0.00000e+00 
2.83194e-03 3.68810e+04  -3.66562e+04 0.00000e+00 
2.85918e-03 3.28766e+04  -3.27498e+04 0.00000e+00 
2.88641e-03 3.38440e+04  -3.37489e+04 0.00000e+00 
2.91364e-03 3.90768e+04  -3.89511e+04 0.00000e+00 
2.94088e-03 4.81491e+04  -4.79576e+04 0.00000e+00 
2.96811e-03 6.06598e+04  -6.04027e+04 0.00000e+00 
2.99534e-03 7.58911e+04  -7.55971e+04 0.00000e+00 
3.02257e-03 9.25907e+04  -9.22999e+04 0.00000e+00 
3.04980e-03 1.09007e+05  -1.08753e+05 0.00000e+00 
3.07703e-03 1.23182e+05  -1.22978e+05 0.00000e+00 
3.10425e-03 1.33384e+05  -1.33223e+05 0.00000e+00 
3.13148e-03 1.38509e+05  -1.38370e+05 0.00000e+00 
3.15871e-03 1.38321e+05  -1.38178e+05 0.00000e+00 
3.18593e-03 1.33458e+05  -1.33292e+05 0.00000e+00 
3.21316e-03 1.25251e+05  -1.25054e+05 0.00000e+00 
3.24038e-03 1.15417e+05  -1.15192e+05 0.00000e+00 
3.26761e-03 1.05738e+05  -1.05494e+05 0.00000e+00 
3.29484e-03 9.77969e+04  -9.75448e+04 0.00000e+00 
3.32207e-03 9.27934e+04  -9.25448e+04 0.00000e+00 
3.34930e-03 9.14350e+04  -9.12006e+04 0.00000e+00 
3.37653e-03 9.38803e+04  -9.36705e+04 0.00000e+00 
3.40377e-03 9.97339e+04  -9.95578e+04 0.00000e+00 
3.43100e-03 1.08101e+05  -1.07964e+05 0.00000e+00 
3.45823e-03 1.17719e+05  -1.17620e+05 0.00000e+00 
3.48547e-03 1.27172e+05  -1.27100e+05 0.00000e+00 
3.51270e-03 1.35151e+05  -1.35086e+05 0.00000e+00 
3.53993e-03 1.40697e+05  -1.40615e+05 0.00000e+00 
3.56717e-03 1.43368e+05  -1.43249e+05 0.00000e+00 
3.59440e-03 1.43265e+05  -1.43097e+05 0.00000e+00 
3.62163e-03 1.40895e+05  -1.40683e+05 0.00000e+00 
3.64886e-03 1.36949e+05  -1.36709e+05 0.00000e+00 
3.67608e-03 1.32069e+05  -1.31824e+05 0.00000e+00 
3.70331e-03 1.26690e+05  -1.26460e+05 0.00000e+00 
3.73054e-03 1.21013e+05  -1.20808e+05 0.00000e+00 
3.75777e-03 1.15090e+05  -1.14907e+05 0.00000e+00 
3.78500e-03 1.08967e+05  -1.08792e+05 0.00000e+00 
3.81223e-03 1.02800e+05  -1.02617e+05 0.00000e+00 
3.83947e-03 9.68866e+04  -9.66852e+04 0.00000e+00 
3.86670e-03 9.15895e+04  -9.13711e+04 0.00000e+00 
3.89393e-03 8.71861e+04  -8.69651e+04 0.00000e+00 
3.92117e-03 8.37248e+04  -8.35229e+04 0.00000e+00 
3.94840e-03 8.09580e+04  -8.07956e+04 0.00000e+00 
3.97563e-03 7.83990e+04  -7.82861e+04 0.00000e+00 
4.00287e-03 7.54991e+04  -7.54302e+04 0.00000e+00 
4.03010e-03 7.18897e+04  -7.18433e+04 0.00000e+00 
4.05733e-03 6.76006e+04  -6.75447e+04 0.00000e+00 
4.08457e-03 6.31819e+04  -6.30832e+04 0.00000e+00 
4.11180e-03 5.96784e+04  -5.95112e+04 0.00000e+00 
4.13903e-03 5.84408e+04  -5.81945e+04 0.00000e+00 
4.16626e-03 6.08258e+04  -6.05073e+04 0.00000e+00 
4.19349e-03 6.78607e+04  -6.74927e+04 0.00000e+00 
4.22071e-03 7.99530e+04  -7.95685e+04 0.00000e+00 
4.24794e-03 9.67111e+04  -9.63461e+04 0.00000e+00 
4.27517e-03 1.16915e+05  -1.16600e+05 0.00000e+00 
4.30239e-03 1.38643e+05  -1.38399e+05 0.00000e+00 
4.32962e-03 1.59543e+05  -1.59374e+05 0.00000e+00 
4.35685e-03 1.77189e+05  -1.77081e+05 0.00000e+00 
4.38408e-03 1.89483e+05  -1.89408e+05 0.00000e+00 
4.41131e-03 1.95012e+05  -1.94936e+05 0.00000e+00 
4.43854e-03 1.93290e+05  -1.93178e+05 0.00000e+00 
4.46578e-03 1.84809e+05  -1.84636e+05 0.00000e+00 
4.49301e-03 1.70895e+05  -1.70657e+05 0.00000e+00 
4.52024e-03 1.53404e+05  -1.53115e+05 0.00000e+00 
4.54748e-03 1.34344e+05  -1.34032e+05 0.00000e+00 
4.57471e-03 1.15523e+05  -1.15223e+05 0.00000e+00 
4.60194e-03 9.83292e+04  -9.80678e+04 0.00000e+00 
4.62918e-03 8.36881e+04  -8.34755e+04 0.00000e+00 
4.65641e-03 7.21622e+04  -7.19886e+04 0.00000e+00 
4.68364e-03 6.41298e+04  -6.39697e+04 0.00000e+00 
4.71087e-03 5.99271e+04  -5.97502e+04 0.00000e+00 
4.73810e-03 5.98737e+04  -5.96586e+04 0.00000e+00 
4.76533e-03 6.41498e+04  -6.38933e+04 0.00000e+00 
4.79256e-03 7.25700e+04  -7.22903e+04 0.00000e+00 
4.81979e-03 8.43630e+04  -8.40936e+04 0.00000e+00 
4.84702e-03 9.80747e+04  -9.78511e+04 0.00000e+00 
4.87425e-03 1.11682e+05  -1.11528e+05 0.00000e+00 
4.90148e-03 1.22928e+05  -1.22844e+05 0.00000e+00 
4.92872e-03 1.29800e+05  -1.29763e+05 0.00000e+00 
4.95595e-03 1.31011e+05  -1.30981e+05 0.00000e+00 
4.98318e-03 1.26330e+05  -1.26264e+05 0.00000e+00 
5.01042e-03 1.16635e+05  -1.16503e+05 0.00000e+00 
5.03765e-03 1.03674e+05  -1.03470e+05 0.00000e+00 
5.06488e-03 8.96241e+04  -8.93678e+04 0.00000e+00 
5.09212e-03 7.65826e+04  -7.63109e+04 0.00000e+00 
5.11935e-03 6.61667e+04  -6.59184e+04 0.00000e+00 
5.14658e-03 5.93217e+04  -5.91236e+04 0.00000e+00 
5.17381e-03 5.63715e+04  -5.62278e+04 0.00000e+00 
5.20104e-03 5.72370e+04  -5.71294e+04 0.00000e+00 
5.22827e-03 6.17023e+04  -6.15979e+04 0.00000e+00 
5.25549e-03 6.95984e+04  -6.94634e+04 0.00000e+00 
5.28272e-03 8.08258e+04  -8.06391e+04 0.00000e+00 
5.30995e-03 9.52138e+04  -9.49759e+04 0.00000e+00 
5.33717e-03 1.12290e+05  -1.12023e+05 0.00000e+00 
5.36440e-03 1.31075e+05  -1.30814e+05 0.00000e+00 
5.39163e-03 1.50015e+05  -1.49795e+05 0.00000e+00 
5.41885e-03 1.67113e+05  -1.66958e+05 0.00000e+00 
5.44608e-03 1.80250e+05  -1.80163e+05 0.00000e+00 
5.47331e-03 1.87613e+05  -1.87572e+05 0.00000e+00 
5.50053e-03 1.88096e+05  -1.88066e+05 0.00000e+00 
5.52776e-03 1.81573e+05  -1.81513e+05 0.00000e+00 
5.55499e-03 1.68937e+05  -1.68816e+05 0.00000e+00 
5.58222e-03 1.51918e+05  -1.51723e+05 0.00000e+00 
5.60945e-03 1.32710e+05  -1.32450e+05 0.00000e+00 
5.63669e-03 1.13534e+05  -1.13236e+05 0.00000e+00 
5.66392e-03 9.62374e+04  -9.59372e+04 0.00000e+00 
5.69115e-03 8.20390e+04  -8.17715e+04 0.00000e+00 
5.71839e-03 7.14632e+04  -7.12514e+04 0.00000e+00 
5.74562e-03 6.44431e+04  -6.42929e+04 0.00000e+00 
5.77285e-03 6.05385e+04  -6.04389e+04 0.00000e+00 
5.80008e-03 5.91840e+04  -5.91119e+04 0.00000e+00 
5.82732e-03 5.98869e+04  -5.98155e+04 0.00000e+00 
5.85455e-03 6.23232e+04  -6.22306e+04 0.00000e+00 
5.88178e-03 6.63189e+04  -6.61945e+04 0.00000e+00 
5.90902e-03 7.17438e+04  -7.15904e+04 0.00000e+00 
5.93625e-03 7.83744e+04  -7.82060e+04 0.00000e+00 
5.96347e-03 8.57874e+04  -8.56236e+04 0.00000e+00 
5.99070e-03 9.33304e+04  -9.31892e+04 0.00000e+00 
6.01793e-03 1.00192e+05  -1.00083e+05 0.00000e+00 
6.04515e-03 1.05557e+05  -1.05477e+05 0.00000e+00 
6.07238e-03 1.08798e+05  -1.08734e+05 0.00000e+00 
6.09961e-03 1.09656e+05  -1.09587e+05 0.00000e+00 
6.12683e-03 1.08333e+05  -1.08237e+05 0.00000e+00 
6.15406e-03 1.05471e+05  -1.05334e+05 0.00000e+00 
6.18129e-03 1.02016e+05  -1.01837e+05 0.00000e+00 
6.20853e-03 9.89958e+04  -9.87860e+04 0.00000e+00 
6.23576e-03 9.72800e+04  -9.70617e+04 0.00000e+00 
6.26299e-03 9.73857e+04  -9.71846e+04 0.00000e+00 
6.29022e-03 9.93918e+04  -9.92291e+04 0.00000e+00 
6.31746e-03 1.02979e+05  -1.02865e+05 0.00000e+00 
6.34469e-03 1.07577e+05  -1.07507e+05 0.00000e+00 
6.37192e-03 1.12565e+05  -1.12524e+05 0.00000e+00 
6.39914e-03 1.17462e+05  -1.17425e+05 0.00000e+00 
6.42637e-03 1.22031e+05  -1.21976e+05 0.00000e+00 
6.45360e-03 1.26287e+05  -1.26198e+05 0.00000e+00 
6.48083e-03 1.30388e+05  -1.30261e+05 0.00000e+00 
6.50805e-03 1.34466e+05  -1.34310e+05 0.00000e+00 
6.53528e-03 1.38465e+05  -1.38296e+05 0.00000e+00 
6.56251e-03 1.42040e+05  -1.41878e+05 0.00000e+00 
6.58974e-03 1.44578e+05  -1.44435e+05 0.00000e+00 
6.61697e-03 1.45316e+05  -1.45194e+05 0.00000e+00 
6.64420e-03 1.43545e+05  -1.43434e+05 0.00000e+00 
6.67143e-03 1.38825e+05  -1.38708e+05 0.00000e+00 
6.69866e-03 1.31142e+05  -1.31000e+05 0.00000e+00 
6.72590e-03 1.20961e+05  -1.20779e+05 0.00000e+00 
6.75313e-03 1.09144e+05  -1.08921e+05 0.00000e+00 
6.78036e-03 9.67676e+04  -9.65168e+04 0.00000e+00 
6.80760e-03 8.48878e+04  -8.46324e+04 0.00000e+00 
6.83483e-03 7.43250e+04  -7.40937e+04 0.00000e+00 
6.86206e-03 6.55394e+04  -6.53569e+04 0.00000e+00 
6.88930e-03 5.86311e+04  -5.85096e+04 0.00000e+00 
6.91653e-03 5.34626e+04  -5.33970e+04 0.00000e+00 
6.94376e-03 4.98538e+04  -4.98217e+04 0.00000e+00 
6.97100e-03 4.77801e+04  -4.77477e+04 0.00000e+00 
6.99823e-03 4.75002e+04  -4.74314e+04 0.00000e+00 
7.02546e-03 4.95545e+04  -4.94217e+04 0.00000e+00 
7.05269e-03 5.46199e+04  -5.44122e+04 0.00000e+00 
7.07992e-03 6.32620e+04  -6.29886e+04 0.00000e+00 
7.10715e-03 7.56579e+04  -7.53457e+04 0.00000e+00 
7.13437e-03 9.13823e+04  -9.10675e+04 0.00000e+00 
7.16160e-03 1.09333e+05  -1.09051e+05 0.00000e+00 
7.18882e-03 1.27839e+05  -1.27614e+05 0.00000e+00 
7.21604e-03 1.44935e+05  -1.44771e+05 0.00000e+00 
7.24327e-03 1.58735e+05  -1.58620e+05 0.00000e+00 
7.27050e-03 1.67812e+05  -1.67718e+05 0.00000e+00 
7.29772e-03 1.71475e+05  -1.71371e+05 0.00000e+00 
7.32495e-03 1.69862e+05  -1.69725e+05 0.00000e+00 
7.35218e-03 1.63833e+05  -1.63653e+05 0.00000e+00 
7.37942e-03 1.54696e+05  -1.54483e+05 0.00000e+00 
7.40665e-03 1.43873e+05  -1.43651e+05 0.00000e+00 
7.43388e-03 1.32594e+05  -1.32392e+05 0.00000e+00 
7.46111e-03 1.21717e+05  -1.21558e+05 0.00000e+00 
7.48835e-03 1.11709e+05  -1.11601e+05 0.00000e+00 
7.51558e-03 1.02765e+05  -1.02698e+05 0.00000e+00 
7.54281e-03 9.50078e+04  -9.49572e+04 0.00000e+00 
7.57005e-03 8.86600e+04  -8.85928e+04 0.00000e+00 
7.59728e-03 8.41185e+04  -8.40066e+04 0.00000e+00 
7.62451e-03 8.18914e+04  -8.17204e+04 0.00000e+00 
7.65175e-03 8.24164e+04  -8.21914e+04 0.00000e+00 
7.67898e-03 8.58306e+04  -8.55743e+04 0.00000e+00 
7.70621e-03 9.17818e+04  -9.15271e+04 0.00000e+00 
7.73345e-03 9.93635e+04  -9.91429e+04 0.00000e+00 
7.76068e-03 1.07218e+05  -1.07053e+05 0.00000e+00 
7.78791e-03 1.13788e+05  -1.13683e+05 0.00000e+00 
7.81515e-03 1.17657e+05  -1.17598e+05 0.00000e+00 
7.84238e-03 1.17867e+05  -1.17829e+05 0.00000e+00 
7.86961e-03 1.14146e+05  -1.14099e+05 0.00000e+00 
7.89684e-03 1.06946e+05  -1.06867e+05 0.00000e+00 
7.92408e-03 9.73149e+04  -9.71959e+04 0.00000e+00 
7.95131e-03 8.66351e+04  -8.64827e+04 0.00000e+00 
7.97854e-03 7.63051e+04  -7.61379e+04 0.00000e+00 
8.00578e-03 6.74777e+04  -6.73176e+04 0.00000e+00 
8.03301e-03 6.09149e+04  -6.07787e+04 0.00000e+00 
8.06024e-03 5.69865e+04  -5.68789e+04 0.00000e+00 
8.08747e-03 5.57828e+04  -5.56944e+04 0.00000e+00 
8.11471e-03 5.72787e+04  -5.71897e+04 0.00000e+00 
8.14193e-03 6.14704e+04  -6.13575e+04 0.00000e+00 
8.16916e-03 6.84227e+04  -6.82684e+04 0.00000e+00 
8.19639e-03 7.82073e+04  -7.80065e+04 0.00000e+00 
8.22362e-03 9.07543e+04  -9.05176e+04 0.00000e+00 
8.25084e-03 1.05679e+05  -1.05430e+05 0.00000e+00 
8.27807e-03 1.22158e+05  -1.21926e+05 0.00000e+00 
8.30529e-03 1.38919e+05  -1.38732e+05 0.00000e+00 
8.33252e-03 1.54368e+05  -1.54240e+05 0.00000e+00 
8.35974e-03 1.66835e+05  -1.66765e+05 0.00000e+00 
8.38697e-03 1.74880e+05  -1.74852e+05 0.00000e+00 
8.41420e-03 1.77586e+05  -1.77570e+05 0.00000e+00 
8.44143e-03 1.74739e+05  -1.74705e+05 0.00000e+00 
8.46866e-03 1.66865e+05  -1.66789e+05 0.00000e+00 
8.49590e-03 1.55105e+05  -1.54975e+05 0.00000e+00 
8.52313e-03 1.40957e+05  -1.40778e+05 0.00000e+00 
8.55036e-03 1.25979e+05  -1.25770e+05 0.00000e+00 
8.57760e-03 1.11517e+05  -1.11302e+05 0.00000e+00 
8.60483e-03 9.85256e+04  -9.83294e+04 0.00000e+00 
8.63206e-03 8.75339e+04  -8.73704e+04 0.00000e+00 
8.65930e-03 7.87185e+04  -7.85897e+04 0.00000e+00 
8.68653e-03 7.20586e+04  -7.19546e+04 0.00000e+00 
8.71376e-03 6.74947e+04  -6.73981e+04 0.00000e+00 
8.74100e-03 6.50309e+04  -6.49237e+04 0.00000e+00 
8.76823e-03 6.47473e+04  -6.46178e+04 0.00000e+00 
8.79546e-03 6.67232e+04  -6.65708e+04 0.00000e+00 
8.82269e-03 7.09050e+04  -7.07401e+04 0.00000e+00 
8.84992e-03 7.69776e+04  -7.68181e+04 0.00000e+00 
8.87715e-03 8.42981e+04  -8.41629e+04 0.00000e+00 
8.90438e-03 9.19310e+04  -9.18330e+04 0.00000e+00 
8.93161e-03 9.87889e+04  -9.87299e+04 0.00000e+00 
8.95884e-03 1.03848e+05  -1.03817e+05 0.00000e+00 
8.98607e-03 1.06376e+05  -1.06352e+05 0.00000e+00 
9.01330e-03 1.06107e+05  -1.06066e+05 0.00000e+00 
9.04053e-03 1.03308e+05  -1.03229e+05 0.00000e+00 
9.06776e-03 9.87186e+04  -9.85909e+04 0.00000e+00 
9.09499e-03 9.33804e+04  -9.32072e+04 0.00000e+00 
9.12223e-03 8.84058e+04  -8.82025e+04 0.00000e+00 
9.14946e-03 8.47492e+04  -8.45385e+04 0.00000e+00 
9.17669e-03 8.30443e+04  -8.28491e+04 0.00000e+00 
9.20392e-03 8.35485e+04  -8.33845e+04 0.00000e+00 
9.23115e-03 8.61971e+04  -8.60683e+04 0.00000e+00 
9.25838e-03 9.07338e+04  -9.06320e+04 0.00000e+00 
9.28562e-03 9.68579e+04  -9.67665e+04 0.00000e+00 
9.31285e-03 1.04328e+05  -1.04229e+05 0.00000e+00 
9.34008e-03 1.12985e+05  -1.12864e+05 0.00000e+00 
9.36731e-03 1.22680e+05  -1.22533e+05 0.00000e+00 
9.39454e-03 1.33150e+05  -1.32986e+05 0.00000e+00 
9.42177e-03 1.43884e+05  -1.43719e+05 0.00000e+00 
9.44900e-03 1.54058e+05  -1.53910e+05 0.00000e+00 
9.47622e-03 1.62568e+05  -1.62451e+05 0.00000e+00 
9.50345e-03 1.68191e+05  -1.68104e+05 0.00000e+00 
9.53068e-03 1.69822e+05  -1.69754e+05 0.00000e+00 
9.55791e-03 1.66746e+05  -1.66674e+05 0.00000e+00 
9.58514e-03 1.58849e+05  -1.58745e+05 0.00000e+00 
9.61238e-03 1.46699e+05  -1.46541e+05 0.00000e+00 
9.63961e-03 1.31477e+05  -1.31255e+05 0.00000e+00 
9.66684e-03 1.14754e+05  -1.14476e+05 0.00000e+00 
9.69408e-03 9.81843e+04  -9.78750e+04 0.00000e+00 
9.72131e-03 8.31999e+04  -8.28930e+04 0.00000e+00 
9.74854e-03 7.07747e+04  -7.05054e+04 0.00000e+00 
9.77578e-03 6.13377e+04  -6.11315e+04 0.00000e+00 
9.80301e-03 5.48375e+04  -5.47033e+04 0.00000e+00 
9.83024e-03 5.09292e+04  -5.08565e+04 0.00000e+00 
9.85748e-03 4.92113e+04  -4.91738e+04 0.00000e+00 
9.88471e-03 4.94250e+04  -4.93888e+04 0.00000e+00 
9.91194e-03 5.15516e+04  -5.14855e+04 0.00000e+00 
9.93917e-03 5.57770e+04  -5.56612e+04 0.00000e+00 
9.96639e-03 6.23395e+04  -6.21712e+04 0.00000e+00 
9.99362e-03 7.13202e+04  -7.11125e+04 0.00000e+00 
