2.61133e-05 1.72953e+04  3.33944e+03 3.33944e+03 
5.22267e-05 1.90227e+04  1.14129e+04 1.25344e+04 
7.83400e-05 2.40118e+04  2.09450e+04 2.61240e+04 
1.04454e-04 3.27959e+04  2.99198e+04 4.27333e+04 
1.30569e-04 4.36660e+04  3.84178e+04 6.09278e+04 
1.56688e-04 5.33596e+04  4.82336e+04 7.94766e+04 
1.82810e-04 5.89345e+04  6.12996e+04 9.75656e+04 
2.08936e-04 5.94483e+04  7.82052e+04 1.14919e+05 
2.35067e-04 5.62636e+04  9.79265e+04 1.31813e+05 
2.61201e-04 5.18615e+04  1.18870e+05 1.48974e+05 
2.87335e-04 4.81387e+04  1.40325e+05 1.67405e+05 
3.13471e-04 4.54534e+04  1.63126e+05 1.88157e+05 
3.39609e-04 4.30014e+04  1.89046e+05 2.12114e+05 
3.65751e-04 4.00443e+04  2.19409e+05 2.39819e+05 
3.91896e-04 3.69039e+04  2.54033e+05 2.71383e+05 
4.18047e-04 3.48967e+04  2.91297e+05 3.06495e+05 
4.44198e-04 3.52764e+04  3.29272e+05 3.44509e+05 
4.70351e-04 3.80550e+04  3.67044e+05 3.84621e+05 
4.96507e-04 4.16624e+04  4.05261e+05 4.26061e+05 
5.22666e-04 4.37560e+04  4.45546e+05 4.68270e+05 
5.48829e-04 4.26222e+04  4.89292e+05 5.11038e+05 
5.74995e-04 3.81867e+04  5.36762e+05 5.54552e+05 
6.01163e-04 3.19624e+04  5.87098e+05 5.99366e+05 
6.27331e-04 2.60547e+04  6.39167e+05 6.46290e+05 
6.53501e-04 2.19931e+04  6.92509e+05 6.96227e+05 
6.79673e-04 2.01873e+04  7.47641e+05 7.49983e+05 
7.05849e-04 2.02596e+04  8.05546e+05 8.08094e+05 
7.32029e-04 2.18237e+04  8.66795e+05 8.70721e+05 
7.58214e-04 2.49901e+04  9.31003e+05 9.37600e+05 
7.84402e-04 3.01746e+04  9.97064e+05 1.00808e+06 
8.10592e-04 3.73984e+04  1.06396e+06 1.08127e+06 
8.36782e-04 4.57009e+04  1.13150e+06 1.15616e+06 
8.62975e-04 5.32139e+04  1.20049e+06 1.23184e+06 
8.89169e-04 5.79333e+04  1.27210e+06 1.30768e+06 
9.15368e-04 5.86934e+04  1.34712e+06 1.38337e+06 
9.41570e-04 5.56947e+04  1.42546e+06 1.45903e+06 
9.67776e-04 5.02629e+04  1.50637e+06 1.53513e+06 
9.93983e-04 4.40572e+04  1.58904e+06 1.61237e+06 
1.02019e-03 3.83022e+04  1.67325e+06 1.69161e+06 
1.04641e-03 3.35162e+04  1.75940e+06 1.77363e+06 
1.07262e-03 2.97877e+04  1.84808e+06 1.85902e+06 
1.09884e-03 2.72396e+04  1.93952e+06 1.94810e+06 
1.12507e-03 2.62266e+04  2.03334e+06 2.04086e+06 
1.15129e-03 2.70906e+04  2.12886e+06 2.13697e+06 
1.17752e-03 2.96953e+04  2.22562e+06 2.23594e+06 
1.20375e-03 3.31709e+04  2.32381e+06 2.33719e+06 
1.22998e-03 3.61486e+04  2.42414e+06 2.44021e+06 
1.25622e-03 3.73932e+04  2.52743e+06 2.54464e+06 
1.28245e-03 3.64340e+04  2.63400e+06 2.65039e+06 
1.30870e-03 3.37811e+04  2.74354e+06 2.75760e+06 
1.33494e-03 3.06045e+04  2.85534e+06 2.86663e+06 
1.36119e-03 2.81147e+04  2.96878e+06 2.97796e+06 
1.38743e-03 2.70547e+04  3.08372e+06 3.09208e+06 
1.41369e-03 2.75774e+04  3.20045e+06 3.20939e+06 
1.43994e-03 2.94769e+04  3.31939e+06 3.33006e+06 
1.46620e-03 3.24970e+04  3.44072e+06 3.45403e+06 
1.49246e-03 3.64408e+04  3.56426e+06 3.58100e+06 
1.51873e-03 4.10198e+04  3.68973e+06 3.71046e+06 
1.54499e-03 4.56322e+04  3.81704e+06 3.84180e+06 
1.57126e-03 4.93328e+04  3.94645e+06 3.97446e+06 
1.59753e-03 5.11118e+04  4.07843e+06 4.10800e+06 
1.62380e-03 5.03452e+04  4.21332e+06 4.24217e+06 
1.65008e-03 4.71297e+04  4.35108e+06 4.37703e+06 
1.67636e-03 4.22736e+04  4.49124e+06 4.51285e+06 
1.70264e-03 3.69429e+04  4.63322e+06 4.65010e+06 
1.72893e-03 3.21844e+04  4.77666e+06 4.78938e+06 
1.75522e-03 2.86081e+04  4.92165e+06 4.93128e+06 
1.78151e-03 2.63685e+04  5.06858e+06 5.07628e+06 
1.80780e-03 2.53667e+04  5.21787e+06 5.22471e+06 
1.83410e-03 2.54662e+04  5.36975e+06 5.37663e+06 
1.86040e-03 2.65552e+04  5.52413e+06 5.53191e+06 
1.88670e-03 2.84478e+04  5.68083e+06 5.69022e+06 
1.91301e-03 3.07658e+04  5.83974e+06 5.85114e+06 
1.93932e-03 3.29581e+04  6.00089e+06 6.01422e+06 
1.96563e-03 3.44937e+04  6.16442e+06 6.17912e+06 
1.99194e-03 3.51152e+04  6.33035e+06 6.34561e+06 
2.01826e-03 3.49698e+04  6.49849e+06 6.51364e+06 
2.04458e-03 3.45193e+04  6.66853e+06 6.68334e+06 
2.07090e-03 3.42801e+04  6.84025e+06 6.85493e+06 
2.09723e-03 3.45645e+04  7.01369e+06 7.02873e+06 
2.12355e-03 3.53798e+04  7.18913e+06 7.20500e+06 
2.14988e-03 3.65218e+04  7.36699e+06 7.38392e+06 
2.17622e-03 3.77617e+04  7.54754e+06 7.56556e+06 
2.20255e-03 3.89750e+04  7.73075e+06 7.74978e+06 
2.22889e-03 4.01256e+04  7.91640e+06 7.93636e+06 
2.25523e-03 4.11458e+04  8.10419e+06 8.12496e+06 
2.28158e-03 4.18340e+04  8.29396e+06 8.31527e+06 
2.30792e-03 4.18744e+04  8.48570e+06 8.50700e+06 
2.33427e-03 4.09826e+04  8.67954e+06 8.70001e+06 
2.36062e-03 3.90792e+04  8.87556e+06 8.89433e+06 
2.38698e-03 3.63707e+04  9.07376e+06 9.09013e+06 
2.41334e-03 3.32834e+04  9.27407e+06 9.28773e+06 
2.43970e-03 3.02984e+04  9.47647e+06 9.48752e+06 
2.46607e-03 2.77985e+04  9.68105e+06 9.68993e+06 
2.49243e-03 2.60130e+04  9.88799e+06 9.89531e+06 
2.51880e-03 2.50617e+04  1.00974e+07 1.01039e+07 
2.54517e-03 2.50257e+04  1.03094e+07 1.03158e+07 
2.57155e-03 2.59634e+04  1.05237e+07 1.05309e+07 
2.59792e-03 2.78498e+04  1.07401e+07 1.07490e+07 
2.62430e-03 3.04906e+04  1.09585e+07 1.09697e+07 
2.65069e-03 3.34972e+04  1.11787e+07 1.11926e+07 
2.67708e-03 3.63668e+04  1.14010e+07 1.14174e+07 
2.70347e-03 3.86395e+04  1.16254e+07 1.16439e+07 
2.72986e-03 4.00450e+04  1.18521e+07 1.18719e+07 
2.75625e-03 4.05580e+04  1.20810e+07 1.21013e+07 
2.78265e-03 4.03429e+04  1.23122e+07 1.23324e+07 
2.80905e-03 3.96383e+04  1.25456e+07 1.25652e+07 
2.83545e-03 3.86592e+04  1.27813e+07 1.28000e+07 
2.86186e-03 3.75662e+04  1.30193e+07 1.30371e+07 
2.88826e-03 3.64899e+04  1.32597e+07 1.32765e+07 
2.91468e-03 3.55585e+04  1.35024e+07 1.35183e+07 
2.94109e-03 3.48842e+04  1.37473e+07 1.37626e+07 
2.96750e-03 3.45091e+04  1.39942e+07 1.40090e+07 
2.99392e-03 3.43528e+04  1.42430e+07 1.42577e+07 
3.02034e-03 3.42173e+04  1.44939e+07 1.45083e+07 
3.04677e-03 3.38608e+04  1.47468e+07 1.47609e+07 
3.07319e-03 3.31109e+04  1.50020e+07 1.50155e+07 
3.09962e-03 3.19507e+04  1.52597e+07 1.52721e+07 
3.12605e-03 3.05350e+04  1.55197e+07 1.55309e+07 
3.15249e-03 2.91333e+04  1.57821e+07 1.57921e+07 
3.17893e-03 2.80403e+04  1.60468e+07 1.60558e+07 
3.20537e-03 2.75032e+04  1.63138e+07 1.63224e+07 
3.23181e-03 2.76875e+04  1.65830e+07 1.65918e+07 
3.25826e-03 2.86706e+04  1.68544e+07 1.68641e+07 
3.28470e-03 3.04339e+04  1.71278e+07 1.71391e+07 
3.31116e-03 3.28401e+04  1.74032e+07 1.74166e+07 
3.33761e-03 3.56111e+04  1.76806e+07 1.76964e+07 
3.36407e-03 3.83403e+04  1.79599e+07 1.79782e+07 
3.39053e-03 4.05621e+04  1.82414e+07 1.82617e+07 
3.41699e-03 4.18683e+04  1.85252e+07 1.85467e+07 
3.44345e-03 4.20253e+04  1.88115e+07 1.88332e+07 
3.46992e-03 4.10410e+04  1.91004e+07 1.91212e+07 
3.49640e-03 3.91527e+04  1.93916e+07 1.94107e+07 
3.52287e-03 3.67469e+04  1.96852e+07 1.97021e+07 
3.54935e-03 3.42508e+04  1.99809e+07 1.99956e+07 
3.57583e-03 3.20409e+04  2.02786e+07 2.02913e+07 
3.60231e-03 3.03874e+04  2.05784e+07 2.05896e+07 
3.62879e-03 2.94327e+04  2.08801e+07 2.08905e+07 
3.65528e-03 2.91879e+04  2.11840e+07 2.11941e+07 
3.68177e-03 2.95404e+04  2.14900e+07 2.15003e+07 
3.70826e-03 3.02769e+04  2.17982e+07 2.18092e+07 
3.73476e-03 3.11317e+04  2.21087e+07 2.21205e+07 
3.76126e-03 3.18587e+04  2.24217e+07 2.24341e+07 
3.78776e-03 3.23054e+04  2.27372e+07 2.27499e+07 
3.81426e-03 3.24589e+04  2.30550e+07 2.30679e+07 
3.84077e-03 3.24383e+04  2.33751e+07 2.33881e+07 
3.86728e-03 3.24359e+04  2.36974e+07 2.37103e+07 
3.89379e-03 3.26348e+04  2.40216e+07 2.40348e+07 
3.92031e-03 3.31398e+04  2.43478e+07 2.43615e+07 
3.94682e-03 3.39473e+04  2.46760e+07 2.46904e+07 
3.97334e-03 3.49586e+04  2.50063e+07 2.50217e+07 
3.99986e-03 3.60175e+04  2.53389e+07 2.53552e+07 
4.02639e-03 3.69515e+04  2.56737e+07 2.56909e+07 
4.05292e-03 3.76010e+04  2.60109e+07 2.60287e+07 
4.07945e-03 3.78386e+04  2.63505e+07 2.63684e+07 
4.10599e-03 3.75864e+04  2.66924e+07 2.67101e+07 
4.13253e-03 3.68319e+04  2.70365e+07 2.70535e+07 
4.15907e-03 3.56407e+04  2.73829e+07 2.73987e+07 
4.18561e-03 3.41536e+04  2.77314e+07 2.77459e+07 
4.21215e-03 3.25623e+04  2.80820e+07 2.80952e+07 
4.23870e-03 3.10719e+04  2.84348e+07 2.84466e+07 
4.26525e-03 2.98614e+04  2.87898e+07 2.88005e+07 
4.29181e-03 2.90595e+04  2.91469e+07 2.91569e+07 
4.31836e-03 2.87383e+04  2.95063e+07 2.95160e+07 
4.34492e-03 2.89178e+04  2.98679e+07 2.98778e+07 
4.37149e-03 2.95715e+04  3.02319e+07 3.02423e+07 
4.39805e-03 3.06245e+04  3.05981e+07 3.06094e+07 
4.42462e-03 3.19506e+04  3.09665e+07 3.09790e+07 
4.45119e-03 3.33783e+04  3.13370e+07 3.13508e+07 
4.47776e-03 3.47142e+04  3.17098e+07 3.17248e+07 
4.50434e-03 3.57817e+04  3.20849e+07 3.21008e+07 
4.53092e-03 3.64611e+04  3.24621e+07 3.24787e+07 
4.55750e-03 3.67151e+04  3.28416e+07 3.28584e+07 
4.58409e-03 3.65879e+04  3.32233e+07 3.32400e+07 
4.61067e-03 3.61809e+04  3.36072e+07 3.36236e+07 
4.63726e-03 3.56178e+04  3.39932e+07 3.40091e+07 
4.66386e-03 3.50108e+04  3.43814e+07 3.43968e+07 
4.69045e-03 3.44405e+04  3.47718e+07 3.47867e+07 
4.71705e-03 3.39472e+04  3.51644e+07 3.51789e+07 
4.74365e-03 3.35332e+04  3.55592e+07 3.55733e+07 
4.77026e-03 3.31708e+04  3.59563e+07 3.59701e+07 
4.79686e-03 3.28160e+04  3.63557e+07 3.63691e+07 
4.82347e-03 3.24264e+04  3.67574e+07 3.67704e+07 
4.85009e-03 3.19823e+04  3.71613e+07 3.71740e+07 
4.87670e-03 3.15018e+04  3.75675e+07 3.75797e+07 
4.90332e-03 3.10442e+04  3.79760e+07 3.79877e+07 
4.92994e-03 3.06964e+04  3.83866e+07 3.83980e+07 
4.95657e-03 3.05468e+04  3.87993e+07 3.88106e+07 
4.98320e-03 3.06567e+04  3.92141e+07 3.92255e+07 
5.00983e-03 3.10418e+04  3.96311e+07 3.96429e+07 
5.03646e-03 3.16702e+04  4.00504e+07 4.00627e+07 
5.06310e-03 3.24743e+04  4.04719e+07 4.04849e+07 
5.08973e-03 3.33704e+04  4.08957e+07 4.09095e+07 
5.11637e-03 3.42735e+04  4.13218e+07 4.13365e+07 
5.14302e-03 3.51058e+04  4.17502e+07 4.17656e+07 
5.16967e-03 3.57978e+04  4.21809e+07 4.21968e+07 
5.19631e-03 3.62885e+04  4.26137e+07 4.26301e+07 
5.22297e-03 3.65284e+04  4.30487e+07 4.30653e+07 
5.24962e-03 3.64862e+04  4.34858e+07 4.35024e+07 
5.27628e-03 3.61567e+04  4.39251e+07 4.39415e+07 
5.30294e-03 3.55656e+04  4.43666e+07 4.43825e+07 
5.32960e-03 3.47698e+04  4.48104e+07 4.48255e+07 
5.35627e-03 3.38522e+04  4.52564e+07 4.52707e+07 
5.38294e-03 3.29124e+04  4.57046e+07 4.57181e+07 
5.40961e-03 3.20543e+04  4.61551e+07 4.61679e+07 
5.43628e-03 3.13708e+04  4.66079e+07 4.66200e+07 
5.46296e-03 3.09266e+04  4.70628e+07 4.70746e+07 
5.48964e-03 3.07443e+04  4.75200e+07 4.75316e+07 
5.51632e-03 3.07982e+04  4.79794e+07 4.79910e+07 
5.54300e-03 3.10207e+04  4.84409e+07 4.84527e+07 
5.56969e-03 3.13232e+04  4.89047e+07 4.89168e+07 
5.59638e-03 3.16247e+04  4.93708e+07 4.93831e+07 
5.62308e-03 3.18779e+04  4.98392e+07 4.98517e+07 
5.64977e-03 3.20833e+04  5.03098e+07 5.03225e+07 
5.67647e-03 3.22850e+04  5.07827e+07 5.07955e+07 
5.70317e-03 3.25504e+04  5.12577e+07 5.12708e+07 
5.72988e-03 3.29410e+04  5.17349e+07 5.17484e+07 
5.75658e-03 3.34853e+04  5.22143e+07 5.22282e+07 
5.78329e-03 3.41628e+04  5.26958e+07 5.27103e+07 
5.81000e-03 3.49033e+04  5.31795e+07 5.31947e+07 
5.83672e-03 3.56010e+04  5.36654e+07 5.36813e+07 
5.86344e-03 3.61389e+04  5.41537e+07 5.41700e+07 
5.89016e-03 3.64170e+04  5.46444e+07 5.46609e+07 
5.91689e-03 3.63771e+04  5.51373e+07 5.51538e+07 
5.94361e-03 3.60166e+04  5.56326e+07 5.56488e+07 
5.97034e-03 3.53885e+04  5.61301e+07 5.61457e+07 
5.99707e-03 3.45867e+04  5.66297e+07 5.66446e+07 
6.02381e-03 3.37209e+04  5.71314e+07 5.71456e+07 
6.05054e-03 3.28892e+04  5.76352e+07 5.76487e+07 
6.07728e-03 3.21570e+04  5.81411e+07 5.81539e+07 
6.10402e-03 3.15509e+04  5.86492e+07 5.86615e+07 
6.13077e-03 3.10668e+04  5.91595e+07 5.91715e+07 
6.15752e-03 3.06876e+04  5.96722e+07 5.96838e+07 
6.18427e-03 3.04039e+04  6.01873e+07 6.01987e+07 
6.21103e-03 3.02270e+04  6.07049e+07 6.07160e+07 
6.23778e-03 3.01887e+04  6.12247e+07 6.12358e+07 
6.26454e-03 3.03314e+04  6.17468e+07 6.17579e+07 
6.29131e-03 3.06898e+04  6.22710e+07 6.22824e+07 
6.31807e-03 3.12742e+04  6.27973e+07 6.28093e+07 
6.34484e-03 3.20591e+04  6.33258e+07 6.33384e+07 
6.37161e-03 3.29831e+04  6.38563e+07 6.38697e+07 
6.39838e-03 3.39576e+04  6.43890e+07 6.44033e+07 
6.42515e-03 3.48833e+04  6.49239e+07 6.49391e+07 
6.45193e-03 3.56689e+04  6.54611e+07 6.54770e+07 
6.47872e-03 3.62473e+04  6.60007e+07 6.60171e+07 
6.50550e-03 3.65839e+04  6.65427e+07 6.65593e+07 
6.53229e-03 3.66759e+04  6.70869e+07 6.71037e+07 
6.55908e-03 3.65435e+04  6.76335e+07 6.76501e+07 
6.58588e-03 3.62168e+04  6.81822e+07 6.81986e+07 
6.61267e-03 3.57247e+04  6.87331e+07 6.87490e+07 
6.63947e-03 3.50890e+04  6.92862e+07 6.93016e+07 
6.66627e-03 3.43277e+04  6.98414e+07 6.98561e+07 
6.69308e-03 3.34628e+04  7.03988e+07 7.04128e+07 
6.71988e-03 3.25299e+04  7.09585e+07 7.09716e+07 
6.74669e-03 3.15838e+04  7.15203e+07 7.15326e+07 
6.77351e-03 3.06967e+04  7.20844e+07 7.20960e+07 
6.80032e-03 2.99493e+04  7.26508e+07 7.26617e+07 
6.82714e-03 2.94178e+04  7.32195e+07 7.32299e+07 
6.85396e-03 2.91604e+04  7.37905e+07 7.38006e+07 
6.88079e-03 2.92081e+04  7.43637e+07 7.43739e+07 
6.90762e-03 2.95618e+04  7.49392e+07 7.49497e+07 
6.93445e-03 3.01946e+04  7.55169e+07 7.55280e+07 
6.96128e-03 3.10578e+04  7.60969e+07 7.61088e+07 
6.98812e-03 3.20877e+04  7.66792e+07 7.66919e+07 
7.01495e-03 3.32116e+04  7.72636e+07 7.72773e+07 
7.04179e-03 3.43515e+04  7.78502e+07 7.78649e+07 
7.06864e-03 3.54258e+04  7.84390e+07 7.84546e+07 
7.09549e-03 3.63510e+04  7.90299e+07 7.90464e+07 
7.12234e-03 3.70457e+04  7.96231e+07 7.96401e+07 
7.14919e-03 3.74379e+04  8.02184e+07 8.02359e+07 
7.17605e-03 3.74754e+04  8.08161e+07 8.08336e+07 
7.20290e-03 3.71391e+04  8.14161e+07 8.14333e+07 
7.22977e-03 3.64520e+04  8.20185e+07 8.20350e+07 
7.25663e-03 3.54826e+04  8.26232e+07 8.26389e+07 
7.28350e-03 3.43373e+04  8.32301e+07 8.32448e+07 
7.31037e-03 3.31436e+04  8.38393e+07 8.38529e+07 
7.33724e-03 3.20272e+04  8.44507e+07 8.44633e+07 
7.36412e-03 3.10894e+04  8.50642e+07 8.50760e+07 
7.39100e-03 3.03911e+04  8.56798e+07 8.56910e+07 
7.41788e-03 2.99486e+04  8.62976e+07 8.63084e+07 
7.44476e-03 2.97422e+04  8.69176e+07 8.69282e+07 
7.47165e-03 2.97329e+04  8.75399e+07 8.75505e+07 
7.49854e-03 2.98821e+04  8.81645e+07 8.81753e+07 
7.52543e-03 3.01668e+04  8.87915e+07 8.88025e+07 
7.55233e-03 3.05851e+04  8.94208e+07 8.94322e+07 
7.57923e-03 3.11502e+04  9.00525e+07 9.00644e+07 
7.60613e-03 3.18749e+04  9.06863e+07 9.06989e+07 
7.63303e-03 3.27529e+04  9.13224e+07 9.13357e+07 
7.65994e-03 3.37434e+04  9.19605e+07 9.19747e+07 
7.68685e-03 3.47663e+04  9.26008e+07 9.26159e+07 
7.71376e-03 3.57099e+04  9.32433e+07 9.32592e+07 
7.74067e-03 3.64514e+04  9.38879e+07 9.39045e+07 
7.76759e-03 3.68828e+04  9.45348e+07 9.45518e+07 
7.79451e-03 3.69369e+04  9.51841e+07 9.52011e+07 
7.82143e-03 3.66029e+04  9.58357e+07 9.58524e+07 
7.84836e-03 3.59294e+04  9.64896e+07 9.65057e+07 
7.87529e-03 3.50125e+04  9.71458e+07 9.71610e+07 
7.90222e-03 3.39738e+04  9.78042e+07 9.78186e+07 
7.92915e-03 3.29356e+04  9.84649e+07 9.84783e+07 
7.95609e-03 3.20000e+04  9.91277e+07 9.91403e+07 
7.98303e-03 3.12370e+04  9.97928e+07 9.98047e+07 
8.00997e-03 3.06835e+04  1.00460e+08 1.00472e+08 
8.03692e-03 3.03502e+04  1.01130e+08 1.01141e+08 
8.06387e-03 3.02316e+04  1.01801e+08 1.01812e+08 
8.09082e-03 3.03152e+04  1.02475e+08 1.02487e+08 
8.11777e-03 3.05848e+04  1.03152e+08 1.03163e+08 
8.14473e-03 3.10193e+04  1.03830e+08 1.03842e+08 
8.17169e-03 3.15871e+04  1.04511e+08 1.04523e+08 
8.19865e-03 3.22424e+04  1.05194e+08 1.05207e+08 
8.22561e-03 3.29246e+04  1.05879e+08 1.05893e+08 
8.25258e-03 3.35649e+04  1.06567e+08 1.06581e+08 
8.27955e-03 3.40982e+04  1.07256e+08 1.07271e+08 
8.30652e-03 3.44770e+04  1.07949e+08 1.07963e+08 
8.33350e-03 3.46823e+04  1.08643e+08 1.08658e+08 
8.36048e-03 3.47269e+04  1.09340e+08 1.09355e+08 
8.38746e-03 3.46485e+04  1.10038e+08 1.10053e+08 
8.41445e-03 3.44958e+04  1.10739e+08 1.10754e+08 
8.44143e-03 3.43112e+04  1.11443e+08 1.11457e+08 
8.46842e-03 3.41169e+04  1.12148e+08 1.12162e+08 
8.49541e-03 3.39096e+04  1.12855e+08 1.12870e+08 
8.52241e-03 3.36662e+04  1.13565e+08 1.13579e+08 
8.54941e-03 3.33586e+04  1.14277e+08 1.14291e+08 
8.57641e-03 3.29728e+04  1.14992e+08 1.15005e+08 
8.60341e-03 3.25235e+04  1.15709e+08 1.15722e+08 
8.63042e-03 3.20591e+04  1.16428e+08 1.16441e+08 
8.65743e-03 3.16547e+04  1.17150e+08 1.17162e+08 
8.68445e-03 3.13922e+04  1.17873e+08 1.17885e+08 
8.71146e-03 3.13360e+04  1.18599e+08 1.18611e+08 
8.73848e-03 3.15115e+04  1.19327e+08 1.19340e+08 
8.76550e-03 3.18926e+04  1.20057e+08 1.20070e+08 
8.79252e-03 3.24051e+04  1.20790e+08 1.20803e+08 
8.81955e-03 3.29435e+04  1.21524e+08 1.21538e+08 
8.84657e-03 3.33983e+04  1.22261e+08 1.22275e+08 
8.87361e-03 3.36844e+04  1.23000e+08 1.23014e+08 
8.90064e-03 3.37622e+04  1.23742e+08 1.23756e+08 
8.92768e-03 3.36454e+04  1.24486e+08 1.24500e+08 
8.95473e-03 3.33935e+04  1.25232e+08 1.25246e+08 
8.98177e-03 3.30916e+04  1.25980e+08 1.25994e+08 
9.00882e-03 3.28252e+04  1.26731e+08 1.26744e+08 
9.03587e-03 3.26581e+04  1.27484e+08 1.27497e+08 
9.06292e-03 3.26184e+04  1.28239e+08 1.28252e+08 
9.08997e-03 3.26976e+04  1.28996e+08 1.29009e+08 
9.11703e-03 3.28597e+04  1.29755e+08 1.29769e+08 
9.14409e-03 3.30568e+04  1.30517e+08 1.30531e+08 
9.17115e-03 3.32447e+04  1.31281e+08 1.31295e+08 
9.19822e-03 3.33936e+04  1.32047e+08 1.32061e+08 
9.22529e-03 3.34911e+04  1.32816e+08 1.32830e+08 
9.25236e-03 3.35379e+04  1.33587e+08 1.33601e+08 
9.27943e-03 3.35406e+04  1.34360e+08 1.34374e+08 
9.30651e-03 3.35039e+04  1.35136e+08 1.35150e+08 
9.33359e-03 3.34281e+04  1.35913e+08 1.35927e+08 
9.36068e-03 3.33100e+04  1.36693e+08 1.36707e+08 
9.38776e-03 3.31488e+04  1.37475e+08 1.37489e+08 
9.41485e-03 3.29514e+04  1.38260e+08 1.38273e+08 
9.44194e-03 3.27353e+04  1.39046e+08 1.39060e+08 
9.46904e-03 3.25266e+04  1.39835e+08 1.39848e+08 
9.49613e-03 3.23524e+04  1.40626e+08 1.40639e+08 
9.52323e-03 3.22326e+04  1.41420e+08 1.41433e+08 
9.55034e-03 3.21719e+04  1.42215e+08 1.42228e+08 
9.57744e-03 3.21589e+04  1.43013e+08 1.43026e+08 
9.60455e-03 3.21715e+04  1.43813e+08 1.43826e+08 
9.63167e-03 3.21877e+04  1.44616e+08 1.44629e+08 
9.65878e-03 3.21977e+04  1.45421e+08 1.45433e+08 
9.68590e-03 3.22125e+04  1.46228e+08 1.46240e+08 
9.71302e-03 3.22632e+04  1.47037e+08 1.47050e+08 
9.74014e-03 3.23921e+04  1.47849e+08 1.47862e+08 
9.76727e-03 3.26359e+04  1.48663e+08 1.48676e+08 
9.79440e-03 3.30076e+04  1.49479e+08 1.49492e+08 
9.82153e-03 3.34829e+04  1.50297e+08 1.50311e+08 
9.84866e-03 3.39985e+04  1.51117e+08 1.51131e+08 
9.87580e-03 3.44628e+04  1.51940e+08 1.51954e+08 
9.90294e-03 3.47777e+04  1.52765e+08 1.52780e+08 
9.93008e-03 3.48654e+04  1.53592e+08 1.53607e+08 
9.95723e-03 3.46913e+04  1.54422e+08 1.54437e+08 
9.98438e-03 3.42759e+04  1.55254e+08 1.55268e+08 
