2.61133e-05 1.76808e+04  6.27671e+03 6.27671e+03 
5.22267e-05 2.28000e+04  1.95394e+04 2.32414e+04 
7.83400e-05 3.55273e+04  3.21116e+04 4.69044e+04 
1.04454e-04 5.09828e+04  4.42759e+04 7.31589e+04 
1.30572e-04 5.98134e+04  6.19600e+04 9.88921e+04 
1.56693e-04 5.84567e+04  8.74923e+04 1.23042e+05 
1.82820e-04 5.21290e+04  1.16868e+05 1.46801e+05 
2.08947e-04 4.71578e+04  1.46836e+05 1.72924e+05 
2.35076e-04 4.39984e+04  1.80559e+05 2.04479e+05 
2.61207e-04 3.99606e+04  2.23285e+05 2.43563e+05 
2.87343e-04 3.59272e+04  2.74539e+05 2.90512e+05 
3.13482e-04 3.61480e+04  3.28338e+05 3.43895e+05 
3.39622e-04 4.13422e+04  3.81097e+05 4.01273e+05 
3.65765e-04 4.57346e+04  4.36009e+05 4.60378e+05 
3.91912e-04 4.31036e+04  4.98111e+05 5.20177e+05 
4.18062e-04 3.39903e+04  5.67595e+05 5.81394e+05 
4.44214e-04 2.46477e+04  6.40659e+05 6.46266e+05 
4.70366e-04 1.98623e+04  7.15817e+05 7.17660e+05 
4.96521e-04 1.95059e+04  7.96003e+05 7.97891e+05 
5.22679e-04 2.21505e+04  8.83694e+05 8.87753e+05 
5.48843e-04 2.87696e+04  9.76664e+05 9.86137e+05 
5.75009e-04 4.04152e+04  1.07077e+06 1.09039e+06 
6.01176e-04 5.36919e+04  1.16573e+06 1.19732e+06 
6.27345e-04 6.16982e+04  1.26547e+06 1.30436e+06 
6.53517e-04 6.03191e+04  1.37289e+06 1.41046e+06 
6.79693e-04 5.19647e+04  1.48639e+06 1.51643e+06 
7.05872e-04 4.22520e+04  1.60289e+06 1.62450e+06 
7.32052e-04 3.45151e+04  1.72232e+06 1.73739e+06 
7.58236e-04 2.89963e+04  1.84709e+06 1.85733e+06 
7.84424e-04 2.60756e+04  1.97791e+06 1.98521e+06 
8.10616e-04 2.74006e+04  2.11232e+06 2.12039e+06 
8.36808e-04 3.29021e+04  2.24826e+06 2.26116e+06 
8.63003e-04 3.86520e+04  2.38735e+06 2.40555e+06 
8.89200e-04 3.97726e+04  2.53293e+06 2.55222e+06 
9.15401e-04 3.53456e+04  2.68578e+06 2.70106e+06 
9.41604e-04 2.91602e+04  2.84336e+06 2.85315e+06 
9.67810e-04 2.55965e+04  3.00342e+06 3.01030e+06 
9.94019e-04 2.60526e+04  3.16661e+06 3.17417e+06 
1.02023e-03 2.96837e+04  3.33476e+06 3.34557e+06 
1.04645e-03 3.58842e+04  3.50788e+06 3.52398e+06 
1.07266e-03 4.42229e+04  3.68437e+06 3.70771e+06 
1.09888e-03 5.23560e+04  3.86395e+06 3.89455e+06 
1.12510e-03 5.61000e+04  4.04863e+06 4.08260e+06 
1.15133e-03 5.28224e+04  4.24005e+06 4.27101e+06 
1.17756e-03 4.41971e+04  4.43717e+06 4.46031e+06 
1.20379e-03 3.47522e+04  4.63740e+06 4.65219e+06 
1.23002e-03 2.79909e+04  4.83982e+06 4.84883e+06 
1.25626e-03 2.46367e+04  5.04597e+06 5.05218e+06 
1.28250e-03 2.41464e+04  5.25749e+06 5.26320e+06 
1.30874e-03 2.63277e+04  5.47421e+06 5.48164e+06 
1.33499e-03 3.06800e+04  5.69505e+06 5.70623e+06 
1.36124e-03 3.51640e+04  5.92011e+06 5.93529e+06 
1.38749e-03 3.71718e+04  6.15044e+06 6.16742e+06 
1.41374e-03 3.60407e+04  6.38613e+06 6.40206e+06 
1.44000e-03 3.38061e+04  6.62563e+06 6.63962e+06 
1.46626e-03 3.30412e+04  6.86765e+06 6.88118e+06 
1.49252e-03 3.44660e+04  7.11292e+06 7.12801e+06 
1.51878e-03 3.70736e+04  7.36337e+06 7.38087e+06 
1.54505e-03 3.99455e+04  7.61978e+06 7.63968e+06 
1.57132e-03 4.29228e+04  7.88118e+06 7.90349e+06 
1.59760e-03 4.54887e+04  8.14640e+06 8.17085e+06 
1.62387e-03 4.60694e+04  8.41553e+06 8.44046e+06 
1.65015e-03 4.32841e+04  8.68928e+06 8.71168e+06 
1.67643e-03 3.76438e+04  8.96753e+06 8.98490e+06 
1.70272e-03 3.13727e+04  9.24950e+06 9.26136e+06 
1.72900e-03 2.65396e+04  9.53504e+06 9.54278e+06 
1.75529e-03 2.38558e+04  9.82525e+06 9.83072e+06 
1.78158e-03 2.32893e+04  1.01211e+07 1.01261e+07 
1.80788e-03 2.50321e+04  1.04223e+07 1.04286e+07 
1.83418e-03 2.91599e+04  1.07276e+07 1.07374e+07 
1.86048e-03 3.45990e+04  1.10362e+07 1.10509e+07 
1.88678e-03 3.92596e+04  1.13488e+07 1.13678e+07 
1.91309e-03 4.15752e+04  1.16660e+07 1.16871e+07 
1.93940e-03 4.16336e+04  1.19876e+07 1.20088e+07 
1.96571e-03 4.05900e+04  1.23133e+07 1.23337e+07 
1.99202e-03 3.93133e+04  1.26432e+07 1.26626e+07 
2.01834e-03 3.79989e+04  1.29783e+07 1.29965e+07 
2.04466e-03 3.68382e+04  1.33187e+07 1.33358e+07 
2.07098e-03 3.63342e+04  1.36635e+07 1.36800e+07 
2.09731e-03 3.66111e+04  1.40119e+07 1.40284e+07 
2.12364e-03 3.68005e+04  1.43638e+07 1.43804e+07 
2.14997e-03 3.56468e+04  1.47199e+07 1.47355e+07 
2.17630e-03 3.27813e+04  1.50808e+07 1.50939e+07 
2.20264e-03 2.91514e+04  1.54465e+07 1.54565e+07 
2.22897e-03 2.61978e+04  1.58168e+07 1.58242e+07 
2.25532e-03 2.49100e+04  1.61918e+07 1.61981e+07 
2.28166e-03 2.57279e+04  1.65717e+07 1.65787e+07 
2.30801e-03 2.88460e+04  1.69560e+07 1.69658e+07 
2.33436e-03 3.40074e+04  1.73439e+07 1.73582e+07 
2.36071e-03 3.99497e+04  1.77352e+07 1.77548e+07 
2.38707e-03 4.45590e+04  1.81305e+07 1.81543e+07 
2.41342e-03 4.60502e+04  1.85307e+07 1.85559e+07 
2.43979e-03 4.41207e+04  1.89363e+07 1.89598e+07 
2.46615e-03 3.99497e+04  1.93467e+07 1.93665e+07 
2.49252e-03 3.52310e+04  1.97615e+07 1.97771e+07 
2.51889e-03 3.13343e+04  2.01806e+07 2.01927e+07 
2.54526e-03 2.91190e+04  2.06038e+07 2.06138e+07 
2.57163e-03 2.89316e+04  2.10309e+07 2.10407e+07 
2.59801e-03 3.03711e+04  2.14618e+07 2.14729e+07 
2.62439e-03 3.22235e+04  2.18971e+07 2.19098e+07 
2.65077e-03 3.31093e+04  2.23374e+07 2.23508e+07 
2.67716e-03 3.25026e+04  2.27830e+07 2.27959e+07 
2.70355e-03 3.11193e+04  2.32335e+07 2.32452e+07 
2.72994e-03 3.02646e+04  2.36880e+07 2.36990e+07 
2.75633e-03 3.08432e+04  2.41462e+07 2.41578e+07 
2.78273e-03 3.29406e+04  2.46084e+07 2.46220e+07 
2.80913e-03 3.60439e+04  2.50749e+07 2.50913e+07 
2.83553e-03 3.93314e+04  2.55459e+07 2.55651e+07 
2.86193e-03 4.17682e+04  2.60213e+07 2.60427e+07 
2.88834e-03 4.23278e+04  2.65015e+07 2.65234e+07 
2.91475e-03 4.05327e+04  2.69866e+07 2.70068e+07 
2.94117e-03 3.68840e+04  2.74762e+07 2.74932e+07 
2.96758e-03 3.26470e+04  2.79700e+07 2.79832e+07 
2.99400e-03 2.91230e+04  2.84677e+07 2.84778e+07 
3.02042e-03 2.70833e+04  2.89696e+07 2.89778e+07 
3.04685e-03 2.67449e+04  2.94760e+07 2.94839e+07 
3.07328e-03 2.79852e+04  2.99871e+07 2.99960e+07 
3.09971e-03 3.03793e+04  3.05026e+07 3.05137e+07 
3.12614e-03 3.31418e+04  3.10226e+07 3.10361e+07 
3.15257e-03 3.53479e+04  3.15471e+07 3.15626e+07 
3.17901e-03 3.64360e+04  3.20762e+07 3.20926e+07 
3.20545e-03 3.65154e+04  3.26096e+07 3.26262e+07 
3.23190e-03 3.61481e+04  3.31472e+07 3.31636e+07 
3.25834e-03 3.58551e+04  3.36890e+07 3.37051e+07 
3.28479e-03 3.58421e+04  3.42350e+07 3.42512e+07 
3.31125e-03 3.60595e+04  3.47856e+07 3.48020e+07 
3.33770e-03 3.63208e+04  3.53408e+07 3.53574e+07 
3.36416e-03 3.63041e+04  3.59005e+07 3.59170e+07 
3.39062e-03 3.56092e+04  3.64647e+07 3.64806e+07 
3.41708e-03 3.40296e+04  3.70335e+07 3.70479e+07 
3.44355e-03 3.18365e+04  3.76067e+07 3.76191e+07 
3.47002e-03 2.97259e+04  3.81840e+07 3.81945e+07 
3.49649e-03 2.84149e+04  3.87655e+07 3.87749e+07 
3.52297e-03 2.82680e+04  3.93513e+07 3.93606e+07 
3.54945e-03 2.92537e+04  3.99418e+07 3.99519e+07 
3.57593e-03 3.11217e+04  4.05369e+07 4.05488e+07 
3.60241e-03 3.35074e+04  4.11367e+07 4.11506e+07 
3.62890e-03 3.59130e+04  4.17408e+07 4.17568e+07 
3.65539e-03 3.77624e+04  4.23491e+07 4.23668e+07 
3.68188e-03 3.86217e+04  4.29617e+07 4.29802e+07 
3.70837e-03 3.84005e+04  4.35786e+07 4.35969e+07 
3.73487e-03 3.73326e+04  4.41999e+07 4.42173e+07 
3.76137e-03 3.57955e+04  4.48257e+07 4.48418e+07 
3.78787e-03 3.41767e+04  4.54561e+07 4.54708e+07 
3.81437e-03 3.28426e+04  4.60912e+07 4.61047e+07 
3.84088e-03 3.20689e+04  4.67306e+07 4.67434e+07 
3.86739e-03 3.18791e+04  4.73742e+07 4.73868e+07 
3.89390e-03 3.19629e+04  4.80220e+07 4.80346e+07 
3.92042e-03 3.18605e+04  4.86742e+07 4.86867e+07 
3.94694e-03 3.13177e+04  4.93310e+07 4.93430e+07 
3.97346e-03 3.05060e+04  4.99926e+07 5.00038e+07 
3.99999e-03 2.99237e+04  5.06586e+07 5.06694e+07 
4.02651e-03 3.00957e+04  5.13291e+07 5.13400e+07 
4.05304e-03 3.13056e+04  5.20038e+07 5.20157e+07 
4.07957e-03 3.34635e+04  5.26826e+07 5.26965e+07 
4.10611e-03 3.60897e+04  5.33658e+07 5.33820e+07 
4.13265e-03 3.84218e+04  5.40534e+07 5.40717e+07 
4.15919e-03 3.96865e+04  5.47456e+07 5.47650e+07 
4.18573e-03 3.94624e+04  5.54426e+07 5.54619e+07 
4.21228e-03 3.78975e+04  5.61443e+07 5.61621e+07 
4.23883e-03 3.56027e+04  5.68501e+07 5.68660e+07 
4.26538e-03 3.33001e+04  5.75601e+07 5.75739e+07 
4.29193e-03 3.14980e+04  5.82742e+07 5.82865e+07 
4.31849e-03 3.03815e+04  5.89927e+07 5.90040e+07 
4.34505e-03 2.98856e+04  5.97157e+07 5.97266e+07 
4.37161e-03 2.98179e+04  6.04435e+07 6.04542e+07 
4.39818e-03 2.99679e+04  6.11759e+07 6.11867e+07 
4.42475e-03 3.02132e+04  6.19129e+07 6.19239e+07 
4.45132e-03 3.05932e+04  6.26543e+07 6.26656e+07 
4.47789e-03 3.12768e+04  6.33999e+07 6.34118e+07 
4.50447e-03 3.24171e+04  6.41497e+07 6.41626e+07 
4.53104e-03 3.40041e+04  6.49038e+07 6.49182e+07 
4.55763e-03 3.58314e+04  6.56623e+07 6.56783e+07 
4.58421e-03 3.75688e+04  6.64254e+07 6.64430e+07 
4.61080e-03 3.88511e+04  6.71931e+07 6.72118e+07 
4.63739e-03 3.93359e+04  6.79654e+07 6.79845e+07 
4.66399e-03 3.87802e+04  6.87421e+07 6.87607e+07 
4.69058e-03 3.71582e+04  6.95233e+07 6.95405e+07 
4.71718e-03 3.47465e+04  7.03088e+07 7.03239e+07 
4.74378e-03 3.20708e+04  7.10986e+07 7.11113e+07 
4.77039e-03 2.97185e+04  7.18927e+07 7.19033e+07 
4.79699e-03 2.81372e+04  7.26911e+07 7.27004e+07 
4.82360e-03 2.75332e+04  7.34941e+07 7.35028e+07 
4.85022e-03 2.78817e+04  7.43017e+07 7.43107e+07 
4.87683e-03 2.89931e+04  7.51140e+07 7.51240e+07 
4.90345e-03 3.05959e+04  7.59308e+07 7.59422e+07 
4.93007e-03 3.24225e+04  7.67521e+07 7.67651e+07 
4.95670e-03 3.42713e+04  7.75777e+07 7.75923e+07 
4.98332e-03 3.59987e+04  7.84074e+07 7.84235e+07 
5.00995e-03 3.74510e+04  7.92413e+07 7.92587e+07 
5.03659e-03 3.84169e+04  8.00796e+07 8.00979e+07 
5.06322e-03 3.86779e+04  8.09225e+07 8.09411e+07 
5.08986e-03 3.81288e+04  8.17702e+07 8.17884e+07 
5.11650e-03 3.68598e+04  8.26227e+07 8.26396e+07 
5.14315e-03 3.51269e+04  8.34797e+07 8.34950e+07 
5.16980e-03 3.32401e+04  8.43408e+07 8.43545e+07 
5.19645e-03 3.14615e+04  8.52061e+07 8.52182e+07 
5.22310e-03 2.99705e+04  8.60756e+07 8.60864e+07 
5.24975e-03 2.88856e+04  8.69495e+07 8.69594e+07 
5.27641e-03 2.83069e+04  8.78280e+07 8.78374e+07 
5.30307e-03 2.83463e+04  8.87113e+07 8.87208e+07 
5.32974e-03 2.91163e+04  8.95993e+07 8.96095e+07 
5.35640e-03 3.06555e+04  9.04918e+07 9.05033e+07 
5.38307e-03 3.28177e+04  9.13885e+07 9.14019e+07 
5.40974e-03 3.52125e+04  9.22894e+07 9.23049e+07 
5.43642e-03 3.72824e+04  9.31945e+07 9.32118e+07 
5.46309e-03 3.85078e+04  9.41040e+07 9.41225e+07 
5.48977e-03 3.86231e+04  9.50182e+07 9.50367e+07 
5.51646e-03 3.77115e+04  9.59370e+07 9.59547e+07 
5.54314e-03 3.61336e+04  9.68604e+07 9.68767e+07 
5.56983e-03 3.43511e+04  9.77882e+07 9.78029e+07 
5.59652e-03 3.27486e+04  9.87204e+07 9.87336e+07 
5.62322e-03 3.15303e+04  9.96569e+07 9.96691e+07 
5.64991e-03 3.07189e+04  1.00598e+08 1.00609e+08 
5.67661e-03 3.02406e+04  1.01543e+08 1.01554e+08 
5.70331e-03 3.00358e+04  1.02493e+08 1.02504e+08 
5.73002e-03 3.01221e+04  1.03448e+08 1.03459e+08 
5.75673e-03 3.05662e+04  1.04407e+08 1.04418e+08 
5.78344e-03 3.13942e+04  1.05370e+08 1.05382e+08 
5.81015e-03 3.25218e+04  1.06337e+08 1.06351e+08 
5.83686e-03 3.37632e+04  1.07310e+08 1.07324e+08 
5.86358e-03 3.49032e+04  1.08286e+08 1.08302e+08 
5.89031e-03 3.57688e+04  1.09268e+08 1.09284e+08 
5.91703e-03 3.62535e+04  1.10253e+08 1.10270e+08 
5.94376e-03 3.63031e+04  1.11243e+08 1.11260e+08 
5.97049e-03 3.59017e+04  1.12238e+08 1.12254e+08 
5.99722e-03 3.50798e+04  1.13236e+08 1.13252e+08 
6.02395e-03 3.39396e+04  1.14239e+08 1.14254e+08 
6.05069e-03 3.26704e+04  1.15247e+08 1.15261e+08 
6.07743e-03 3.15322e+04  1.16260e+08 1.16272e+08 
6.10418e-03 3.07894e+04  1.17277e+08 1.17289e+08 
6.13092e-03 3.06119e+04  1.18298e+08 1.18310e+08 
6.15767e-03 3.09908e+04  1.19324e+08 1.19336e+08 
6.18443e-03 3.17301e+04  1.20354e+08 1.20367e+08 
6.21118e-03 3.25379e+04  1.21389e+08 1.21402e+08 
6.23794e-03 3.31683e+04  1.22427e+08 1.22441e+08 
6.26470e-03 3.35273e+04  1.23471e+08 1.23485e+08 
6.29146e-03 3.36798e+04  1.24519e+08 1.24533e+08 
6.31823e-03 3.37664e+04  1.25572e+08 1.25586e+08 
6.34500e-03 3.38971e+04  1.26629e+08 1.26643e+08 
6.37177e-03 3.40868e+04  1.27690e+08 1.27705e+08 
6.39854e-03 3.42615e+04  1.28756e+08 1.28771e+08 
6.42532e-03 3.43176e+04  1.29826e+08 1.29841e+08 
6.45210e-03 3.41898e+04  1.30901e+08 1.30916e+08 
6.47888e-03 3.38872e+04  1.31980e+08 1.31995e+08 
6.50567e-03 3.34772e+04  1.33064e+08 1.33078e+08 
6.53246e-03 3.30363e+04  1.34152e+08 1.34166e+08 
6.55925e-03 3.26132e+04  1.35245e+08 1.35258e+08 
6.58604e-03 3.22354e+04  1.36342e+08 1.36355e+08 
6.61284e-03 3.19458e+04  1.37444e+08 1.37456e+08 
6.63964e-03 3.18234e+04  1.38550e+08 1.38563e+08 
6.66644e-03 3.19515e+04  1.39661e+08 1.39673e+08 
6.69325e-03 3.23489e+04  1.40776e+08 1.40789e+08 
6.72006e-03 3.29186e+04  1.41895e+08 1.41909e+08 
6.74687e-03 3.34665e+04  1.43019e+08 1.43033e+08 
6.77368e-03 3.37931e+04  1.44147e+08 1.44161e+08 
6.80050e-03 3.38056e+04  1.45280e+08 1.45294e+08 
6.82732e-03 3.35809e+04  1.46418e+08 1.46432e+08 
6.85414e-03 3.33291e+04  1.47560e+08 1.47574e+08 
6.88097e-03 3.32699e+04  1.48706e+08 1.48720e+08 
6.90780e-03 3.34897e+04  1.49857e+08 1.49871e+08 
6.93463e-03 3.38707e+04  1.51012e+08 1.51026e+08 
6.96146e-03 3.41470e+04  1.52171e+08 1.52186e+08 
6.98830e-03 3.40629e+04  1.53336e+08 1.53350e+08 
7.01514e-03 3.35361e+04  1.54504e+08 1.54518e+08 
7.04198e-03 3.27237e+04  1.55678e+08 1.55691e+08 
7.06883e-03 3.19466e+04  1.56856e+08 1.56868e+08 
7.09568e-03 3.15223e+04  1.58038e+08 1.58050e+08 
7.12253e-03 3.16066e+04  1.59225e+08 1.59237e+08 
7.14938e-03 3.21294e+04  1.60416e+08 1.60429e+08 
7.17624e-03 3.28517e+04  1.61611e+08 1.61625e+08 
7.20309e-03 3.34968e+04  1.62811e+08 1.62825e+08 
7.22996e-03 3.38783e+04  1.64016e+08 1.64030e+08 
7.25682e-03 3.39574e+04  1.65225e+08 1.65239e+08 
7.28369e-03 3.38132e+04  1.66438e+08 1.66453e+08 
7.31056e-03 3.35653e+04  1.67656e+08 1.67670e+08 
7.33743e-03 3.33051e+04  1.68879e+08 1.68893e+08 
7.36431e-03 3.30772e+04  1.70106e+08 1.70119e+08 
7.39119e-03 3.28987e+04  1.71337e+08 1.71350e+08 
7.41807e-03 3.27831e+04  1.72573e+08 1.72586e+08 
7.44495e-03 3.27419e+04  1.73813e+08 1.73826e+08 
7.47184e-03 3.27679e+04  1.75058e+08 1.75071e+08 
7.49873e-03 3.28272e+04  1.76307e+08 1.76321e+08 
7.52562e-03 3.28793e+04  1.77561e+08 1.77575e+08 
7.55252e-03 3.29137e+04  1.78820e+08 1.78833e+08 
7.57942e-03 3.29716e+04  1.80083e+08 1.80096e+08 
7.60632e-03 3.31247e+04  1.81350e+08 1.81364e+08 
7.63322e-03 3.34148e+04  1.82622e+08 1.82636e+08 
7.66012e-03 3.37902e+04  1.83898e+08 1.83912e+08 
7.68703e-03 3.40911e+04  1.85178e+08 1.85193e+08 
7.71394e-03 3.41113e+04  1.86463e+08 1.86478e+08 
7.74086e-03 3.37141e+04  1.87753e+08 1.87767e+08 
7.76778e-03 3.29347e+04  1.89047e+08 1.89061e+08 
7.79470e-03 3.19998e+04  1.90346e+08 1.90359e+08 
7.82162e-03 3.12386e+04  1.91650e+08 1.91662e+08 
7.84855e-03 3.09326e+04  1.92957e+08 1.92969e+08 
7.87547e-03 3.11878e+04  1.94269e+08 1.94281e+08 
7.90240e-03 3.18994e+04  1.95585e+08 1.95598e+08 
7.92934e-03 3.28234e+04  1.96906e+08 1.96920e+08 
7.95628e-03 3.37031e+04  1.98232e+08 1.98246e+08 
7.98322e-03 3.43744e+04  1.99562e+08 1.99577e+08 
8.01016e-03 3.47942e+04  2.00897e+08 2.00912e+08 
8.03711e-03 3.49920e+04  2.02236e+08 2.02252e+08 
8.06405e-03 3.49944e+04  2.03580e+08 2.03595e+08 
8.09100e-03 3.47823e+04  2.04928e+08 2.04943e+08 
8.11796e-03 3.43106e+04  2.06280e+08 2.06295e+08 
8.14491e-03 3.35689e+04  2.07637e+08 2.07651e+08 
8.17187e-03 3.26314e+04  2.08998e+08 2.09012e+08 
8.19884e-03 3.16560e+04  2.10365e+08 2.10377e+08 
8.22580e-03 3.08313e+04  2.11735e+08 2.11747e+08 
8.25277e-03 3.03111e+04  2.13110e+08 2.13122e+08 
8.27974e-03 3.01788e+04  2.14490e+08 2.14501e+08 
8.30672e-03 3.04553e+04  2.15874e+08 2.15885e+08 
8.33369e-03 3.11262e+04  2.17263e+08 2.17274e+08 
8.36067e-03 3.21513e+04  2.18656e+08 2.18668e+08 
8.38765e-03 3.34398e+04  2.20053e+08 2.20067e+08 
8.41464e-03 3.48126e+04  2.21455e+08 2.21470e+08 
8.44163e-03 3.59976e+04  2.22861e+08 2.22878e+08 
8.46862e-03 3.66916e+04  2.24272e+08 2.24289e+08 
8.49561e-03 3.66738e+04  2.25688e+08 2.25705e+08 
8.52261e-03 3.59161e+04  2.27108e+08 2.27124e+08 
8.54961e-03 3.46149e+04  2.28533e+08 2.28548e+08 
8.57661e-03 3.31171e+04  2.29962e+08 2.29976e+08 
8.60362e-03 3.17738e+04  2.31396e+08 2.31408e+08 
8.63062e-03 3.08042e+04  2.32833e+08 2.32845e+08 
8.65763e-03 3.02484e+04  2.34276e+08 2.34287e+08 
8.68465e-03 3.00273e+04  2.35722e+08 2.35733e+08 
8.71167e-03 3.00581e+04  2.37174e+08 2.37185e+08 
8.73869e-03 3.03407e+04  2.38631e+08 2.38642e+08 
8.76571e-03 3.09521e+04  2.40092e+08 2.40103e+08 
8.79273e-03 3.19543e+04  2.41557e+08 2.41569e+08 
8.81976e-03 3.32848e+04  2.43026e+08 2.43040e+08 
8.84679e-03 3.47111e+04  2.44500e+08 2.44515e+08 
8.87383e-03 3.58921e+04  2.45978e+08 2.45994e+08 
8.90086e-03 3.65165e+04  2.47461e+08 2.47478e+08 
8.92790e-03 3.64369e+04  2.48949e+08 2.48965e+08 
8.95494e-03 3.57229e+04  2.50441e+08 2.50457e+08 
8.98199e-03 3.46084e+04  2.51938e+08 2.51953e+08 
9.00904e-03 3.33740e+04  2.53439e+08 2.53453e+08 
9.03609e-03 3.22414e+04  2.54945e+08 2.54958e+08 
9.06314e-03 3.13329e+04  2.56455e+08 2.56467e+08 
9.09020e-03 3.06986e+04  2.57970e+08 2.57981e+08 
9.11725e-03 3.03676e+04  2.59489e+08 2.59500e+08 
9.14431e-03 3.03734e+04  2.61012e+08 2.61023e+08 
9.17138e-03 3.07332e+04  2.62540e+08 2.62552e+08 
9.19845e-03 3.14057e+04  2.64073e+08 2.64085e+08 
9.22552e-03 3.22716e+04  2.65610e+08 2.65623e+08 
9.25259e-03 3.31621e+04  2.67152e+08 2.67166e+08 
9.27966e-03 3.39228e+04  2.68698e+08 2.68713e+08 
9.30674e-03 3.44673e+04  2.70249e+08 2.70264e+08 
9.33382e-03 3.47842e+04  2.71804e+08 2.71819e+08 
9.36091e-03 3.48966e+04  2.73364e+08 2.73379e+08 
9.38799e-03 3.48101e+04  2.74928e+08 2.74943e+08 
9.41508e-03 3.44982e+04  2.76497e+08 2.76511e+08 
9.44217e-03 3.39411e+04  2.78070e+08 2.78084e+08 
9.46927e-03 3.31878e+04  2.79648e+08 2.79662e+08 
9.49637e-03 3.23875e+04  2.81231e+08 2.81244e+08 
9.52347e-03 3.17494e+04  2.82818e+08 2.82830e+08 
9.55057e-03 3.14461e+04  2.84409e+08 2.84421e+08 
9.57768e-03 3.15168e+04  2.86005e+08 2.86017e+08 
9.60479e-03 3.18411e+04  2.87605e+08 2.87617e+08 
9.63190e-03 3.22060e+04  2.89209e+08 2.89222e+08 
9.65901e-03 3.24322e+04  2.90819e+08 2.90832e+08 
9.68613e-03 3.24790e+04  2.92433e+08 2.92446e+08 
9.71325e-03 3.24591e+04  2.94052e+08 2.94065e+08 
9.74038e-03 3.25524e+04  2.95675e+08 2.95688e+08 
9.76750e-03 3.28760e+04  2.97303e+08 2.97316e+08 
9.79463e-03 3.33971e+04  2.98934e+08 2.98948e+08 
9.82176e-03 3.39438e+04  3.00570e+08 3.00585e+08 
9.84890e-03 3.43050e+04  3.02211e+08 3.02226e+08 
9.87604e-03 3.43518e+04  3.03857e+08 3.03872e+08 
9.90318e-03 3.41010e+04  3.05507e+08 3.05522e+08 
9.93032e-03 3.36864e+04  3.07162e+08 3.07176e+08 
9.95747e-03 3.32644e+04  3.08822e+08 3.08835e+08 
9.98462e-03 3.29241e+04  3.10485e+08 3.10499e+08 
