2.12171e-05 1.62991e+02  8.77170e-10 0.00000e+00 
4.24342e-05 2.29706e+03  -1.79492e+03 0.00000e+00 
6.36513e-05 1.01100e+04  -9.19282e+03 0.00000e+00 
8.48684e-05 2.77915e+04  -2.64848e+04 0.00000e+00 
1.06085e-04 5.86743e+04  -5.70599e+04 0.00000e+00 
1.27302e-04 1.04590e+05  -1.02745e+05 0.00000e+00 
1.48519e-04 1.66150e+05  -1.64098e+05 0.00000e+00 
1.69735e-04 2.43693e+05  -2.41400e+05 0.00000e+00 
1.90950e-04 3.38340e+05  -3.35738e+05 0.00000e+00 
2.12165e-04 4.52582e+05  -4.49618e+05 0.00000e+00 
2.33379e-04 5.90132e+05  -5.86803e+05 0.00000e+00 
2.54592e-04 7.55179e+05  -7.51540e+05 0.00000e+00 
2.75804e-04 9.51517e+05  -9.47646e+05 0.00000e+00 
2.97016e-04 1.18206e+06  -1.17802e+06 0.00000e+00 
3.18226e-04 1.44907e+06  -1.44486e+06 0.00000e+00 
3.39436e-04 1.75502e+06  -1.75055e+06 0.00000e+00 
3.60645e-04 2.10368e+06  -2.09882e+06 0.00000e+00 
3.81853e-04 2.50100e+06  -2.49560e+06 0.00000e+00 
4.03061e-04 2.95523e+06  -2.94916e+06 0.00000e+00 
4.24267e-04 3.47650e+06  -3.46971e+06 0.00000e+00 
4.45472e-04 4.07594e+06  -4.06842e+06 0.00000e+00 
4.66675e-04 4.76486e+06  -4.75662e+06 0.00000e+00 
4.87878e-04 5.55441e+06  -5.54545e+06 0.00000e+00 
5.09079e-04 6.45586e+06  -6.44613e+06 0.00000e+00 
5.30280e-04 7.48127e+06  -7.47066e+06 0.00000e+00 
5.51481e-04 8.64425e+06  -8.63260e+06 0.00000e+00 
5.72681e-04 9.96028e+06  -9.94744e+06 0.00000e+00 
5.93882e-04 1.14465e+07  -1.14324e+07 0.00000e+00 
6.15082e-04 1.31212e+07  -1.31057e+07 0.00000e+00 
6.36283e-04 1.50024e+07  -1.49855e+07 0.00000e+00 
6.57484e-04 1.71077e+07  -1.70894e+07 0.00000e+00 
6.78685e-04 1.94535e+07  -1.94337e+07 0.00000e+00 
6.99886e-04 2.20550e+07  -2.20338e+07 0.00000e+00 
7.21086e-04 2.49267e+07  -2.49039e+07 0.00000e+00 
7.42286e-04 2.80823e+07  -2.80579e+07 0.00000e+00 
7.63486e-04 3.15344e+07  -3.15085e+07 0.00000e+00 
7.84686e-04 3.52946e+07  -3.52672e+07 0.00000e+00 
8.05885e-04 3.93726e+07  -3.93439e+07 0.00000e+00 
8.27084e-04 4.37762e+07  -4.37462e+07 0.00000e+00 
8.48283e-04 4.85113e+07  -4.84802e+07 0.00000e+00 
8.69481e-04 5.35833e+07  -5.35512e+07 0.00000e+00 
8.90678e-04 5.89976e+07  -5.89645e+07 0.00000e+00 
9.11875e-04 6.47615e+07  -6.47273e+07 0.00000e+00 
9.33070e-04 7.08846e+07  -7.08493e+07 0.00000e+00 
9.54265e-04 7.73799e+07  -7.73435e+07 0.00000e+00 
9.75459e-04 8.42634e+07  -8.42257e+07 0.00000e+00 
9.96651e-04 9.15541e+07  -9.15151e+07 0.00000e+00 
1.01784e-03 9.92737e+07  -9.92334e+07 0.00000e+00 
1.03903e-03 1.07447e+08  -1.07405e+08 0.00000e+00 
1.06022e-03 1.16100e+08  -1.16057e+08 0.00000e+00 
1.08141e-03 1.25264e+08  -1.25219e+08 0.00000e+00 
1.10260e-03 1.34971e+08  -1.34924e+08 0.00000e+00 
1.12379e-03 1.45255e+08  -1.45206e+08 0.00000e+00 
1.14498e-03 1.56153e+08  -1.56102e+08 0.00000e+00 
1.16616e-03 1.67702e+08  -1.67649e+08 0.00000e+00 
1.18735e-03 1.79938e+08  -1.79883e+08 0.00000e+00 
1.20853e-03 1.92898e+08  -1.92840e+08 0.00000e+00 
1.22972e-03 2.06615e+08  -2.06555e+08 0.00000e+00 
1.25090e-03 2.21123e+08  -2.21060e+08 0.00000e+00 
1.27209e-03 2.36454e+08  -2.36388e+08 0.00000e+00 
1.29327e-03 2.52638e+08  -2.52569e+08 0.00000e+00 
1.31445e-03 2.69702e+08  -2.69630e+08 0.00000e+00 
1.33564e-03 2.87671e+08  -2.87597e+08 0.00000e+00 
1.35682e-03 3.06568e+08  -3.06491e+08 0.00000e+00 
1.37801e-03 3.26411e+08  -3.26332e+08 0.00000e+00 
1.39919e-03 3.47214e+08  -3.47132e+08 0.00000e+00 
1.42038e-03 3.68990e+08  -3.68906e+08 0.00000e+00 
1.44156e-03 3.91748e+08  -3.91662e+08 0.00000e+00 
1.46274e-03 4.15497e+08  -4.15409e+08 0.00000e+00 
1.48392e-03 4.40246e+08  -4.40155e+08 0.00000e+00 
1.50511e-03 4.66003e+08  -4.65910e+08 0.00000e+00 
1.52629e-03 4.92780e+08  -4.92686e+08 0.00000e+00 
1.54747e-03 5.20591e+08  -5.20495e+08 0.00000e+00 
1.56865e-03 5.49454e+08  -5.49355e+08 0.00000e+00 
1.58982e-03 5.79390e+08  -5.79289e+08 0.00000e+00 
1.61100e-03 6.10427e+08  -6.10324e+08 0.00000e+00 
1.63218e-03 6.42599e+08  -6.42494e+08 0.00000e+00 
1.65335e-03 6.75946e+08  -6.75839e+08 0.00000e+00 
1.67453e-03 7.10513e+08  -7.10404e+08 0.00000e+00 
1.69570e-03 7.46353e+08  -7.46241e+08 0.00000e+00 
1.71687e-03 7.83521e+08  -7.83406e+08 0.00000e+00 
1.73805e-03 8.22075e+08  -8.21957e+08 0.00000e+00 
1.75922e-03 8.62076e+08  -8.61955e+08 0.00000e+00 
1.78039e-03 9.03586e+08  -9.03462e+08 0.00000e+00 
1.80156e-03 9.46666e+08  -9.46538e+08 0.00000e+00 
1.82273e-03 9.91376e+08  -9.91245e+08 0.00000e+00 
1.84390e-03 1.03777e+09  -1.03764e+09 0.00000e+00 
1.86507e-03 1.08591e+09  -1.08577e+09 0.00000e+00 
1.88624e-03 1.13584e+09  -1.13570e+09 0.00000e+00 
1.90740e-03 1.18760e+09  -1.18746e+09 0.00000e+00 
1.92857e-03 1.24124e+09  -1.24109e+09 0.00000e+00 
1.94974e-03 1.29679e+09  -1.29663e+09 0.00000e+00 
1.97091e-03 1.35426e+09  -1.35411e+09 0.00000e+00 
1.99207e-03 1.41370e+09  -1.41354e+09 0.00000e+00 
2.01324e-03 1.47511e+09  -1.47494e+09 0.00000e+00 
2.03441e-03 1.53850e+09  -1.53833e+09 0.00000e+00 
2.05558e-03 1.60389e+09  -1.60372e+09 0.00000e+00 
2.07674e-03 1.67128e+09  -1.67111e+09 0.00000e+00 
2.09791e-03 1.74069e+09  -1.74051e+09 0.00000e+00 
2.11907e-03 1.81212e+09  -1.81194e+09 0.00000e+00 
2.14024e-03 1.88558e+09  -1.88539e+09 0.00000e+00 
2.16140e-03 1.96109e+09  -1.96090e+09 0.00000e+00 
2.18257e-03 2.03867e+09  -2.03848e+09 0.00000e+00 
2.20373e-03 2.11835e+09  -2.11815e+09 0.00000e+00 
2.22489e-03 2.20016e+09  -2.19997e+09 0.00000e+00 
2.24605e-03 2.28417e+09  -2.28397e+09 0.00000e+00 
2.26721e-03 2.37040e+09  -2.37020e+09 0.00000e+00 
2.28837e-03 2.45894e+09  -2.45874e+09 0.00000e+00 
2.30953e-03 2.54985e+09  -2.54965e+09 0.00000e+00 
2.33069e-03 2.64321e+09  -2.64300e+09 0.00000e+00 
2.35184e-03 2.73910e+09  -2.73888e+09 0.00000e+00 
2.37300e-03 2.83759e+09  -2.83737e+09 0.00000e+00 
2.39415e-03 2.93879e+09  -2.93857e+09 0.00000e+00 
2.41531e-03 3.04278e+09  -3.04255e+09 0.00000e+00 
2.43646e-03 3.14964e+09  -3.14940e+09 0.00000e+00 
2.45762e-03 3.25945e+09  -3.25921e+09 0.00000e+00 
2.47877e-03 3.37229e+09  -3.37205e+09 0.00000e+00 
2.49993e-03 3.48823e+09  -3.48798e+09 0.00000e+00 
2.52108e-03 3.60733e+09  -3.60708e+09 0.00000e+00 
2.54223e-03 3.72964e+09  -3.72938e+09 0.00000e+00 
2.56339e-03 3.85521e+09  -3.85495e+09 0.00000e+00 
2.58454e-03 3.98407e+09  -3.98380e+09 0.00000e+00 
2.60569e-03 4.11626e+09  -4.11598e+09 0.00000e+00 
2.62684e-03 4.25178e+09  -4.25150e+09 0.00000e+00 
2.64799e-03 4.39066e+09  -4.39038e+09 0.00000e+00 
2.66914e-03 4.53290e+09  -4.53262e+09 0.00000e+00 
2.69029e-03 4.67851e+09  -4.67822e+09 0.00000e+00 
2.71144e-03 4.82750e+09  -4.82721e+09 0.00000e+00 
2.73259e-03 4.97988e+09  -4.97958e+09 0.00000e+00 
2.75374e-03 5.13564e+09  -5.13534e+09 0.00000e+00 
2.77489e-03 5.29481e+09  -5.29451e+09 0.00000e+00 
2.79604e-03 5.45742e+09  -5.45711e+09 0.00000e+00 
2.81719e-03 5.62348e+09  -5.62317e+09 0.00000e+00 
2.83833e-03 5.79306e+09  -5.79274e+09 0.00000e+00 
2.85948e-03 5.96619e+09  -5.96587e+09 0.00000e+00 
2.88062e-03 6.14296e+09  -6.14264e+09 0.00000e+00 
2.90177e-03 6.32344e+09  -6.32311e+09 0.00000e+00 
2.92291e-03 6.50772e+09  -6.50738e+09 0.00000e+00 
2.94405e-03 6.69589e+09  -6.69555e+09 0.00000e+00 
2.96519e-03 6.88806e+09  -6.88771e+09 0.00000e+00 
2.98633e-03 7.08433e+09  -7.08399e+09 0.00000e+00 
3.00747e-03 7.28483e+09  -7.28448e+09 0.00000e+00 
3.02861e-03 7.48966e+09  -7.48930e+09 0.00000e+00 
3.04975e-03 7.69893e+09  -7.69857e+09 0.00000e+00 
3.07089e-03 7.91275e+09  -7.91238e+09 0.00000e+00 
3.09203e-03 8.13121e+09  -8.13083e+09 0.00000e+00 
3.11317e-03 8.35440e+09  -8.35402e+09 0.00000e+00 
3.13431e-03 8.58241e+09  -8.58202e+09 0.00000e+00 
3.15544e-03 8.81531e+09  -8.81491e+09 0.00000e+00 
3.17658e-03 9.05314e+09  -9.05274e+09 0.00000e+00 
3.19772e-03 9.29596e+09  -9.29555e+09 0.00000e+00 
3.21885e-03 9.54380e+09  -9.54339e+09 0.00000e+00 
3.23999e-03 9.79668e+09  -9.79627e+09 0.00000e+00 
3.26113e-03 1.00546e+10  -1.00542e+10 0.00000e+00 
3.28226e-03 1.03177e+10  -1.03172e+10 0.00000e+00 
3.30340e-03 1.05858e+10  -1.05853e+10 0.00000e+00 
3.32453e-03 1.08589e+10  -1.08585e+10 0.00000e+00 
3.34567e-03 1.11372e+10  -1.11368e+10 0.00000e+00 
3.36680e-03 1.14206e+10  -1.14201e+10 0.00000e+00 
3.38793e-03 1.17090e+10  -1.17086e+10 0.00000e+00 
3.40906e-03 1.20027e+10  -1.20022e+10 0.00000e+00 
3.43020e-03 1.23014e+10  -1.23010e+10 0.00000e+00 
3.45133e-03 1.26054e+10  -1.26050e+10 0.00000e+00 
3.47246e-03 1.29147e+10  -1.29142e+10 0.00000e+00 
3.49359e-03 1.32294e+10  -1.32289e+10 0.00000e+00 
3.51472e-03 1.35494e+10  -1.35489e+10 0.00000e+00 
3.53585e-03 1.38751e+10  -1.38746e+10 0.00000e+00 
3.55697e-03 1.42063e+10  -1.42058e+10 0.00000e+00 
3.57810e-03 1.45434e+10  -1.45429e+10 0.00000e+00 
3.59923e-03 1.48864e+10  -1.48859e+10 0.00000e+00 
3.62035e-03 1.52354e+10  -1.52349e+10 0.00000e+00 
3.64147e-03 1.55907e+10  -1.55902e+10 0.00000e+00 
3.66260e-03 1.59522e+10  -1.59517e+10 0.00000e+00 
3.68372e-03 1.63202e+10  -1.63197e+10 0.00000e+00 
3.70485e-03 1.66948e+10  -1.66943e+10 0.00000e+00 
3.72597e-03 1.70761e+10  -1.70756e+10 0.00000e+00 
3.74709e-03 1.74642e+10  -1.74636e+10 0.00000e+00 
3.76821e-03 1.78591e+10  -1.78586e+10 0.00000e+00 
3.78933e-03 1.82610e+10  -1.82604e+10 0.00000e+00 
3.81046e-03 1.86699e+10  -1.86693e+10 0.00000e+00 
3.83158e-03 1.90859e+10  -1.90853e+10 0.00000e+00 
3.85270e-03 1.95089e+10  -1.95083e+10 0.00000e+00 
3.87382e-03 1.99390e+10  -1.99384e+10 0.00000e+00 
3.89494e-03 2.03762e+10  -2.03756e+10 0.00000e+00 
3.91606e-03 2.08206e+10  -2.08200e+10 0.00000e+00 
3.93718e-03 2.12721e+10  -2.12714e+10 0.00000e+00 
3.95830e-03 2.17306e+10  -2.17300e+10 0.00000e+00 
3.97942e-03 2.21964e+10  -2.21957e+10 0.00000e+00 
4.00054e-03 2.26692e+10  -2.26686e+10 0.00000e+00 
4.02165e-03 2.31492e+10  -2.31486e+10 0.00000e+00 
4.04277e-03 2.36365e+10  -2.36358e+10 0.00000e+00 
4.06388e-03 2.41310e+10  -2.41303e+10 0.00000e+00 
4.08500e-03 2.46328e+10  -2.46321e+10 0.00000e+00 
4.10611e-03 2.51420e+10  -2.51414e+10 0.00000e+00 
4.12723e-03 2.56588e+10  -2.56581e+10 0.00000e+00 
4.14834e-03 2.61831e+10  -2.61825e+10 0.00000e+00 
4.16945e-03 2.67153e+10  -2.67146e+10 0.00000e+00 
4.19056e-03 2.72553e+10  -2.72546e+10 0.00000e+00 
4.21168e-03 2.78033e+10  -2.78027e+10 0.00000e+00 
4.23279e-03 2.83596e+10  -2.83589e+10 0.00000e+00 
4.25390e-03 2.89242e+10  -2.89235e+10 0.00000e+00 
4.27501e-03 2.94973e+10  -2.94966e+10 0.00000e+00 
4.29611e-03 3.00791e+10  -3.00784e+10 0.00000e+00 
4.31722e-03 3.06697e+10  -3.06690e+10 0.00000e+00 
4.33833e-03 3.12692e+10  -3.12685e+10 0.00000e+00 
4.35944e-03 3.18778e+10  -3.18771e+10 0.00000e+00 
4.38054e-03 3.24956e+10  -3.24949e+10 0.00000e+00 
4.40165e-03 3.31226e+10  -3.31219e+10 0.00000e+00 
4.42275e-03 3.37590e+10  -3.37582e+10 0.00000e+00 
4.44386e-03 3.44048e+10  -3.44040e+10 0.00000e+00 
4.46496e-03 3.50600e+10  -3.50592e+10 0.00000e+00 
4.48607e-03 3.57246e+10  -3.57238e+10 0.00000e+00 
4.50717e-03 3.63988e+10  -3.63980e+10 0.00000e+00 
4.52828e-03 3.70824e+10  -3.70816e+10 0.00000e+00 
4.54938e-03 3.77755e+10  -3.77747e+10 0.00000e+00 
4.57049e-03 3.84780e+10  -3.84772e+10 0.00000e+00 
4.59159e-03 3.91901e+10  -3.91893e+10 0.00000e+00 
4.61269e-03 3.99117e+10  -3.99108e+10 0.00000e+00 
4.63379e-03 4.06427e+10  -4.06419e+10 0.00000e+00 
4.65489e-03 4.13834e+10  -4.13825e+10 0.00000e+00 
4.67599e-03 4.21336e+10  -4.21328e+10 0.00000e+00 
4.69709e-03 4.28936e+10  -4.28927e+10 0.00000e+00 
4.71819e-03 4.36633e+10  -4.36625e+10 0.00000e+00 
4.73929e-03 4.44430e+10  -4.44421e+10 0.00000e+00 
4.76039e-03 4.52326e+10  -4.52317e+10 0.00000e+00 
4.78148e-03 4.60324e+10  -4.60315e+10 0.00000e+00 
4.80258e-03 4.68426e+10  -4.68417e+10 0.00000e+00 
4.82368e-03 4.76632e+10  -4.76623e+10 0.00000e+00 
4.84477e-03 4.84945e+10  -4.84936e+10 0.00000e+00 
4.86587e-03 4.93366e+10  -4.93357e+10 0.00000e+00 
4.88696e-03 5.01897e+10  -5.01888e+10 0.00000e+00 
4.90805e-03 5.10540e+10  -5.10531e+10 0.00000e+00 
4.92915e-03 5.19296e+10  -5.19287e+10 0.00000e+00 
4.95024e-03 5.28168e+10  -5.28158e+10 0.00000e+00 
4.97133e-03 5.37155e+10  -5.37146e+10 0.00000e+00 
4.99242e-03 5.46261e+10  -5.46251e+10 0.00000e+00 
5.01351e-03 5.55485e+10  -5.55475e+10 0.00000e+00 
5.03460e-03 5.64828e+10  -5.64818e+10 0.00000e+00 
5.05569e-03 5.74292e+10  -5.74282e+10 0.00000e+00 
5.07678e-03 5.83877e+10  -5.83867e+10 0.00000e+00 
5.09787e-03 5.93583e+10  -5.93573e+10 0.00000e+00 
5.11896e-03 6.03410e+10  -6.03400e+10 0.00000e+00 
5.14005e-03 6.13359e+10  -6.13349e+10 0.00000e+00 
5.16114e-03 6.23430e+10  -6.23419e+10 0.00000e+00 
5.18223e-03 6.33622e+10  -6.33611e+10 0.00000e+00 
5.20332e-03 6.43936e+10  -6.43925e+10 0.00000e+00 
5.22440e-03 6.54371e+10  -6.54361e+10 0.00000e+00 
5.24549e-03 6.64929e+10  -6.64918e+10 0.00000e+00 
5.26657e-03 6.75609e+10  -6.75598e+10 0.00000e+00 
5.28766e-03 6.86412e+10  -6.86401e+10 0.00000e+00 
5.30874e-03 6.97338e+10  -6.97328e+10 0.00000e+00 
5.32983e-03 7.08390e+10  -7.08379e+10 0.00000e+00 
5.35091e-03 7.19567e+10  -7.19556e+10 0.00000e+00 
5.37199e-03 7.30872e+10  -7.30861e+10 0.00000e+00 
5.39307e-03 7.42305e+10  -7.42294e+10 0.00000e+00 
5.41415e-03 7.53869e+10  -7.53858e+10 0.00000e+00 
5.43523e-03 7.65565e+10  -7.65554e+10 0.00000e+00 
5.45631e-03 7.77396e+10  -7.77384e+10 0.00000e+00 
5.47739e-03 7.89362e+10  -7.89351e+10 0.00000e+00 
5.49847e-03 8.01467e+10  -8.01455e+10 0.00000e+00 
5.51955e-03 8.13711e+10  -8.13700e+10 0.00000e+00 
5.54063e-03 8.26097e+10  -8.26086e+10 0.00000e+00 
5.56171e-03 8.38627e+10  -8.38615e+10 0.00000e+00 
5.58278e-03 8.51302e+10  -8.51290e+10 0.00000e+00 
5.60386e-03 8.64123e+10  -8.64111e+10 0.00000e+00 
5.62494e-03 8.77092e+10  -8.77080e+10 0.00000e+00 
5.64601e-03 8.90210e+10  -8.90197e+10 0.00000e+00 
5.66709e-03 9.03477e+10  -9.03464e+10 0.00000e+00 
5.68816e-03 9.16894e+10  -9.16882e+10 0.00000e+00 
5.70923e-03 9.30462e+10  -9.30450e+10 0.00000e+00 
5.73031e-03 9.44182e+10  -9.44169e+10 0.00000e+00 
5.75138e-03 9.58052e+10  -9.58039e+10 0.00000e+00 
5.77245e-03 9.72074e+10  -9.72061e+10 0.00000e+00 
5.79353e-03 9.86247e+10  -9.86234e+10 0.00000e+00 
5.81460e-03 1.00057e+11  -1.00056e+11 0.00000e+00 
5.83567e-03 1.01505e+11  -1.01504e+11 0.00000e+00 
5.85674e-03 1.02968e+11  -1.02966e+11 0.00000e+00 
5.87781e-03 1.04446e+11  -1.04445e+11 0.00000e+00 
5.89888e-03 1.05939e+11  -1.05938e+11 0.00000e+00 
5.91995e-03 1.07448e+11  -1.07447e+11 0.00000e+00 
5.94102e-03 1.08972e+11  -1.08971e+11 0.00000e+00 
5.96209e-03 1.10512e+11  -1.10511e+11 0.00000e+00 
5.98316e-03 1.12068e+11  -1.12066e+11 0.00000e+00 
6.00423e-03 1.13639e+11  -1.13638e+11 0.00000e+00 
6.02529e-03 1.15227e+11  -1.15225e+11 0.00000e+00 
6.04636e-03 1.16830e+11  -1.16829e+11 0.00000e+00 
6.06742e-03 1.18451e+11  -1.18449e+11 0.00000e+00 
6.08849e-03 1.20088e+11  -1.20086e+11 0.00000e+00 
6.10955e-03 1.21741e+11  -1.21740e+11 0.00000e+00 
6.13061e-03 1.23412e+11  -1.23411e+11 0.00000e+00 
6.15168e-03 1.25101e+11  -1.25099e+11 0.00000e+00 
6.17274e-03 1.26806e+11  -1.26805e+11 0.00000e+00 
6.19380e-03 1.28530e+11  -1.28528e+11 0.00000e+00 
6.21486e-03 1.30271e+11  -1.30270e+11 0.00000e+00 
6.23593e-03 1.32030e+11  -1.32029e+11 0.00000e+00 
6.25699e-03 1.33808e+11  -1.33806e+11 0.00000e+00 
6.27805e-03 1.35603e+11  -1.35602e+11 0.00000e+00 
6.29911e-03 1.37417e+11  -1.37415e+11 0.00000e+00 
6.32017e-03 1.39249e+11  -1.39247e+11 0.00000e+00 
6.34123e-03 1.41099e+11  -1.41097e+11 0.00000e+00 
6.36228e-03 1.42968e+11  -1.42966e+11 0.00000e+00 
6.38334e-03 1.44855e+11  -1.44853e+11 0.00000e+00 
6.40440e-03 1.46760e+11  -1.46759e+11 0.00000e+00 
6.42546e-03 1.48684e+11  -1.48683e+11 0.00000e+00 
6.44651e-03 1.50627e+11  -1.50625e+11 0.00000e+00 
6.46757e-03 1.52588e+11  -1.52586e+11 0.00000e+00 
6.48863e-03 1.54567e+11  -1.54565e+11 0.00000e+00 
6.50968e-03 1.56565e+11  -1.56563e+11 0.00000e+00 
6.53073e-03 1.58582e+11  -1.58580e+11 0.00000e+00 
6.55179e-03 1.60617e+11  -1.60615e+11 0.00000e+00 
6.57284e-03 1.62671e+11  -1.62670e+11 0.00000e+00 
6.59389e-03 1.64745e+11  -1.64743e+11 0.00000e+00 
6.61495e-03 1.66838e+11  -1.66836e+11 0.00000e+00 
6.63600e-03 1.68950e+11  -1.68948e+11 0.00000e+00 
6.65705e-03 1.71081e+11  -1.71080e+11 0.00000e+00 
6.67810e-03 1.73233e+11  -1.73231e+11 0.00000e+00 
6.69915e-03 1.75404e+11  -1.75402e+11 0.00000e+00 
6.72020e-03 1.77596e+11  -1.77594e+11 0.00000e+00 
6.74124e-03 1.79808e+11  -1.79806e+11 0.00000e+00 
6.76229e-03 1.82041e+11  -1.82039e+11 0.00000e+00 
6.78334e-03 1.84295e+11  -1.84293e+11 0.00000e+00 
6.80439e-03 1.86570e+11  -1.86568e+11 0.00000e+00 
6.82543e-03 1.88866e+11  -1.88864e+11 0.00000e+00 
6.84648e-03 1.91184e+11  -1.91182e+11 0.00000e+00 
6.86752e-03 1.93523e+11  -1.93521e+11 0.00000e+00 
6.88857e-03 1.95884e+11  -1.95882e+11 0.00000e+00 
6.90961e-03 1.98266e+11  -1.98264e+11 0.00000e+00 
6.93066e-03 2.00671e+11  -2.00669e+11 0.00000e+00 
6.95170e-03 2.03097e+11  -2.03095e+11 0.00000e+00 
6.97274e-03 2.05545e+11  -2.05543e+11 0.00000e+00 
6.99379e-03 2.08015e+11  -2.08013e+11 0.00000e+00 
7.01483e-03 2.10507e+11  -2.10505e+11 0.00000e+00 
7.03587e-03 2.13021e+11  -2.13020e+11 0.00000e+00 
7.05691e-03 2.15558e+11  -2.15556e+11 0.00000e+00 
7.07795e-03 2.18116e+11  -2.18114e+11 0.00000e+00 
7.09899e-03 2.20696e+11  -2.20694e+11 0.00000e+00 
7.12003e-03 2.23298e+11  -2.23297e+11 0.00000e+00 
7.14107e-03 2.25923e+11  -2.25921e+11 0.00000e+00 
7.16211e-03 2.28570e+11  -2.28568e+11 0.00000e+00 
7.18314e-03 2.31240e+11  -2.31238e+11 0.00000e+00 
7.20418e-03 2.33932e+11  -2.33930e+11 0.00000e+00 
7.22522e-03 2.36647e+11  -2.36645e+11 0.00000e+00 
7.24625e-03 2.39385e+11  -2.39383e+11 0.00000e+00 
7.26729e-03 2.42147e+11  -2.42145e+11 0.00000e+00 
7.28832e-03 2.44932e+11  -2.44930e+11 0.00000e+00 
7.30936e-03 2.47740e+11  -2.47738e+11 0.00000e+00 
7.33039e-03 2.50573e+11  -2.50571e+11 0.00000e+00 
7.35142e-03 2.53429e+11  -2.53427e+11 0.00000e+00 
7.37246e-03 2.56310e+11  -2.56308e+11 0.00000e+00 
7.39349e-03 2.59216e+11  -2.59213e+11 0.00000e+00 
7.41452e-03 2.62146e+11  -2.62144e+11 0.00000e+00 
7.43555e-03 2.65101e+11  -2.65099e+11 0.00000e+00 
7.45658e-03 2.68082e+11  -2.68080e+11 0.00000e+00 
7.47761e-03 2.71087e+11  -2.71085e+11 0.00000e+00 
7.49864e-03 2.74119e+11  -2.74117e+11 0.00000e+00 
7.51967e-03 2.77175e+11  -2.77173e+11 0.00000e+00 
7.54070e-03 2.80258e+11  -2.80256e+11 0.00000e+00 
7.56173e-03 2.83366e+11  -2.83364e+11 0.00000e+00 
7.58275e-03 2.86500e+11  -2.86498e+11 0.00000e+00 
7.60378e-03 2.89660e+11  -2.89657e+11 0.00000e+00 
7.62481e-03 2.92845e+11  -2.92843e+11 0.00000e+00 
7.64584e-03 2.96056e+11  -2.96054e+11 0.00000e+00 
7.66686e-03 2.99293e+11  -2.99291e+11 0.00000e+00 
7.68789e-03 3.02556e+11  -3.02554e+11 0.00000e+00 
7.70891e-03 3.05845e+11  -3.05843e+11 0.00000e+00 
7.72994e-03 3.09160e+11  -3.09158e+11 0.00000e+00 
7.75096e-03 3.12501e+11  -3.12499e+11 0.00000e+00 
7.77198e-03 3.15868e+11  -3.15866e+11 0.00000e+00 
7.79300e-03 3.19262e+11  -3.19260e+11 0.00000e+00 
7.81403e-03 3.22682e+11  -3.22680e+11 0.00000e+00 
7.83505e-03 3.26129e+11  -3.26127e+11 0.00000e+00 
7.85607e-03 3.29603e+11  -3.29601e+11 0.00000e+00 
7.87709e-03 3.33105e+11  -3.33102e+11 0.00000e+00 
7.89811e-03 3.36633e+11  -3.36631e+11 0.00000e+00 
7.91913e-03 3.40190e+11  -3.40187e+11 0.00000e+00 
7.94015e-03 3.43774e+11  -3.43771e+11 0.00000e+00 
7.96117e-03 3.47386e+11  -3.47383e+11 0.00000e+00 
7.98218e-03 3.51026e+11  -3.51024e+11 0.00000e+00 
8.00320e-03 3.54695e+11  -3.54693e+11 0.00000e+00 
8.02422e-03 3.58393e+11  -3.58390e+11 0.00000e+00 
8.04523e-03 3.62119e+11  -3.62117e+11 0.00000e+00 
8.06625e-03 3.65875e+11  -3.65873e+11 0.00000e+00 
8.08726e-03 3.69660e+11  -3.69658e+11 0.00000e+00 
8.10828e-03 3.73475e+11  -3.73473e+11 0.00000e+00 
8.12929e-03 3.77319e+11  -3.77317e+11 0.00000e+00 
8.15030e-03 3.81193e+11  -3.81191e+11 0.00000e+00 
8.17132e-03 3.85097e+11  -3.85095e+11 0.00000e+00 
8.19233e-03 3.89031e+11  -3.89028e+11 0.00000e+00 
8.21334e-03 3.92994e+11  -3.92992e+11 0.00000e+00 
8.23436e-03 3.96988e+11  -3.96985e+11 0.00000e+00 
8.25537e-03 4.01011e+11  -4.01008e+11 0.00000e+00 
8.27638e-03 4.05064e+11  -4.05062e+11 0.00000e+00 
8.29739e-03 4.09147e+11  -4.09145e+11 0.00000e+00 
8.31840e-03 4.13261e+11  -4.13258e+11 0.00000e+00 
8.33941e-03 4.17404e+11  -4.17402e+11 0.00000e+00 
8.36042e-03 4.21578e+11  -4.21575e+11 0.00000e+00 
8.38143e-03 4.25782e+11  -4.25779e+11 0.00000e+00 
8.40243e-03 4.30017e+11  -4.30014e+11 0.00000e+00 
8.42344e-03 4.34282e+11  -4.34280e+11 0.00000e+00 
8.44445e-03 4.38579e+11  -4.38576e+11 0.00000e+00 
8.46545e-03 4.42906e+11  -4.42903e+11 0.00000e+00 
8.48646e-03 4.47265e+11  -4.47262e+11 0.00000e+00 
8.50746e-03 4.51655e+11  -4.51653e+11 0.00000e+00 
8.52847e-03 4.56078e+11  -4.56075e+11 0.00000e+00 
8.54947e-03 4.60532e+11  -4.60529e+11 0.00000e+00 
8.57048e-03 4.65019e+11  -4.65016e+11 0.00000e+00 
8.59148e-03 4.69538e+11  -4.69536e+11 0.00000e+00 
8.61248e-03 4.74090e+11  -4.74088e+11 0.00000e+00 
8.63348e-03 4.78675e+11  -4.78673e+11 0.00000e+00 
8.65449e-03 4.83294e+11  -4.83291e+11 0.00000e+00 
8.67549e-03 4.87946e+11  -4.87943e+11 0.00000e+00 
8.69649e-03 4.92631e+11  -4.92628e+11 0.00000e+00 
8.71749e-03 4.97350e+11  -4.97347e+11 0.00000e+00 
8.73849e-03 5.02103e+11  -5.02100e+11 0.00000e+00 
8.75948e-03 5.06890e+11  -5.06887e+11 0.00000e+00 
8.78048e-03 5.11710e+11  -5.11708e+11 0.00000e+00 
8.80148e-03 5.16566e+11  -5.16563e+11 0.00000e+00 
8.82248e-03 5.21455e+11  -5.21452e+11 0.00000e+00 
8.84348e-03 5.26378e+11  -5.26375e+11 0.00000e+00 
8.86447e-03 5.31336e+11  -5.31333e+11 0.00000e+00 
8.88547e-03 5.36329e+11  -5.36326e+11 0.00000e+00 
8.90646e-03 5.41355e+11  -5.41352e+11 0.00000e+00 
8.92746e-03 5.46417e+11  -5.46414e+11 0.00000e+00 
8.94845e-03 5.51513e+11  -5.51510e+11 0.00000e+00 
8.96945e-03 5.56643e+11  -5.56640e+11 0.00000e+00 
8.99044e-03 5.61809e+11  -5.61806e+11 0.00000e+00 
9.01144e-03 5.67009e+11  -5.67006e+11 0.00000e+00 
9.03243e-03 5.72245e+11  -5.72242e+11 0.00000e+00 
9.05342e-03 5.77516e+11  -5.77512e+11 0.00000e+00 
9.07441e-03 5.82822e+11  -5.82819e+11 0.00000e+00 
9.09540e-03 5.88164e+11  -5.88161e+11 0.00000e+00 
9.11639e-03 5.93542e+11  -5.93539e+11 0.00000e+00 
9.13738e-03 5.98956e+11  -5.98953e+11 0.00000e+00 
9.15837e-03 6.04407e+11  -6.04404e+11 0.00000e+00 
9.17936e-03 6.09895e+11  -6.09892e+11 0.00000e+00 
9.20035e-03 6.15420e+11  -6.15417e+11 0.00000e+00 
9.22133e-03 6.20982e+11  -6.20979e+11 0.00000e+00 
9.24232e-03 6.26582e+11  -6.26579e+11 0.00000e+00 
9.26331e-03 6.32220e+11  -6.32216e+11 0.00000e+00 
9.28429e-03 6.37895e+11  -6.37892e+11 0.00000e+00 
9.30528e-03 6.43609e+11  -6.43606e+11 0.00000e+00 
9.32626e-03 6.49361e+11  -6.49358e+11 0.00000e+00 
9.34725e-03 6.55151e+11  -6.55148e+11 0.00000e+00 
9.36823e-03 6.60980e+11  -6.60977e+11 0.00000e+00 
9.38922e-03 6.66848e+11  -6.66844e+11 0.00000e+00 
9.41020e-03 6.72754e+11  -6.72750e+11 0.00000e+00 
9.43118e-03 6.78699e+11  -6.78695e+11 0.00000e+00 
9.45216e-03 6.84682e+11  -6.84679e+11 0.00000e+00 
9.47315e-03 6.90705e+11  -6.90702e+11 0.00000e+00 
9.49413e-03 6.96767e+11  -6.96763e+11 0.00000e+00 
9.51511e-03 7.02867e+11  -7.02864e+11 0.00000e+00 
9.53609e-03 7.09007e+11  -7.09004e+11 0.00000e+00 
9.55706e-03 7.15187e+11  -7.15183e+11 0.00000e+00 
9.57804e-03 7.21405e+11  -7.21402e+11 0.00000e+00 
9.59902e-03 7.27664e+11  -7.27660e+11 0.00000e+00 
9.62000e-03 7.33962e+11  -7.33958e+11 0.00000e+00 
9.64098e-03 7.40300e+11  -7.40296e+11 0.00000e+00 
9.66196e-03 7.46678e+11  -7.46674e+11 0.00000e+00 
9.68293e-03 7.53096e+11  -7.53092e+11 0.00000e+00 
9.70391e-03 7.59554e+11  -7.59551e+11 0.00000e+00 
9.72488e-03 7.66054e+11  -7.66050e+11 0.00000e+00 
9.74586e-03 7.72594e+11  -7.72590e+11 0.00000e+00 
9.76683e-03 7.79175e+11  -7.79172e+11 0.00000e+00 
9.78781e-03 7.85798e+11  -7.85795e+11 0.00000e+00 
9.80878e-03 7.92463e+11  -7.92460e+11 0.00000e+00 
9.82975e-03 7.99170e+11  -7.99166e+11 0.00000e+00 
9.85072e-03 8.05919e+11  -8.05916e+11 0.00000e+00 
9.87169e-03 8.12711e+11  -8.12707e+11 0.00000e+00 
9.89266e-03 8.19545e+11  -8.19542e+11 0.00000e+00 
9.91363e-03 8.26423e+11  -8.26419e+11 0.00000e+00 
9.93460e-03 8.33343e+11  -8.33340e+11 0.00000e+00 
9.95557e-03 8.40307e+11  -8.40304e+11 0.00000e+00 
9.97654e-03 8.47315e+11  -8.47311e+11 0.00000e+00 
9.99751e-03 8.54366e+11  -8.54362e+11 0.00000e+00 
