
step = 0     time = 0.00e+00     dt = 3.40e-05
Displacment
 0.0000E+00 -1.3878E-17  0.0000E+00 
 0.0000E+00  0.0000E+00  0.0000E+00 
-1.3878E-17  0.0000E+00  0.0000E+00 
-1.3878E-17  0.0000E+00  0.0000E+00 
 0.0000E+00  0.0000E+00  0.0000E+00 
 0.0000E+00  0.0000E+00  0.0000E+00 
 0.0000E+00  0.0000E+00  0.0000E+00 
 0.0000E+00  0.0000E+00  0.0000E+00 
 0.0000E+00  0.0000E+00  0.0000E+00 
 0.0000E+00  0.0000E+00  0.0000E+00 
 2.7756E-17 -2.7756E-17  0.0000E+00 
 0.0000E+00  2.7756E-17  0.0000E+00 
 0.0000E+00 -1.3878E-17  0.0000E+00 
 0.0000E+00  2.7756E-17  0.0000E+00 
 0.0000E+00 -1.3878E-17  0.0000E+00 
 0.0000E+00  2.7756E-17  0.0000E+00 
 0.0000E+00 -1.3878E-17  0.0000E+00 
 0.0000E+00  2.7756E-17  0.0000E+00 
 0.0000E+00 -1.3878E-17  0.0000E+00 
 0.0000E+00  0.0000E+00  0.0000E+00 

step = 1     time = 3.40e-05     dt = 3.40e-05
Displacment
 2.7756E-17 -1.3878E-17  2.0425E-04 
 2.7756E-17  2.7756E-17  2.0425E-04 
-2.7756E-17  1.3878E-17 -1.1102E-16 
-4.1633E-17 -2.7756E-17  0.0000E+00 
 0.0000E+00  1.3878E-17  0.0000E+00 
 0.0000E+00 -2.7756E-17  0.0000E+00 
 0.0000E+00  0.0000E+00  0.0000E+00 
 0.0000E+00  0.0000E+00  0.0000E+00 
-1.3878E-17 -1.3878E-17  0.0000E+00 
 0.0000E+00  0.0000E+00  0.0000E+00 
 5.5511E-17 -2.7756E-17  2.0425E-04 
 2.7756E-17  5.5511E-17  2.0425E-04 
 0.0000E+00 -1.3878E-17  0.0000E+00 
 0.0000E+00  2.7756E-17  0.0000E+00 
 0.0000E+00 -2.7756E-17  0.0000E+00 
 0.0000E+00  2.7756E-17  0.0000E+00 
 0.0000E+00 -1.3878E-17  0.0000E+00 
 0.0000E+00  2.7756E-17  0.0000E+00 
 0.0000E+00 -2.7756E-17  0.0000E+00 
 0.0000E+00  0.0000E+00  0.0000E+00 

step = 2     time = 6.81e-05     dt = 3.40e-05
Displacment
 1.2593E-04  1.2593E-04  4.0850E-04 
 1.2593E-04 -1.2593E-04  4.0850E-04 
 6.2966E-05  6.2966E-05  1.3753E-04 
 6.2966E-05 -6.2966E-05  1.3753E-04 
-1.3878E-17  2.7756E-17  0.0000E+00 
-2.7756E-17  0.0000E+00  0.0000E+00 
 0.0000E+00 -1.3878E-17  0.0000E+00 
-1.3878E-17  0.0000E+00  0.0000E+00 
-1.3878E-17 -1.3878E-17  0.0000E+00 
 0.0000E+00  2.7756E-17  0.0000E+00 
-1.2593E-04  1.2593E-04  4.0850E-04 
-1.2593E-04 -1.2593E-04  4.0850E-04 
-6.2966E-05  6.2966E-05  1.3753E-04 
-6.2966E-05 -6.2966E-05  1.3753E-04 
 2.7756E-17 -6.9389E-17 -5.5511E-17 
 2.7756E-17  8.3267E-17 -5.5511E-17 
 0.0000E+00 -2.7756E-17  0.0000E+00 
 0.0000E+00  2.7756E-17  0.0000E+00 
 0.0000E+00 -4.1633E-17  0.0000E+00 
 0.0000E+00  2.7756E-17  0.0000E+00 

step = 3     time = 1.02e-04     dt = 3.40e-05
Displacment
-1.6287E-05 -1.6287E-05  6.1275E-04 
-1.6287E-05  1.6287E-05  6.1275E-04 
-2.8858E-06 -2.8858E-06  2.7976E-04 
-2.8858E-06  2.8858E-06  2.7976E-04 
 4.9623E-06  4.9623E-06  5.3740E-05 
 4.9623E-06 -4.9623E-06  5.3740E-05 
-1.3878E-17 -2.7756E-17 -2.7756E-17 
-4.1633E-17  0.0000E+00 -2.7756E-17 
 1.3878E-17  5.5511E-17  0.0000E+00 
 2.7756E-17 -2.7756E-17  0.0000E+00 
 1.6287E-05 -1.6287E-05  6.1275E-04 
 1.6287E-05  1.6287E-05  6.1275E-04 
 2.8858E-06 -2.8858E-06  2.7976E-04 
 2.8858E-06  2.8858E-06  2.7976E-04 
-4.9623E-06  4.9623E-06  5.3740E-05 
-4.9623E-06 -4.9623E-06  5.3740E-05 
 0.0000E+00 -2.7756E-17 -2.7756E-17 
 2.7756E-17  0.0000E+00 -2.7756E-17 
-2.7756E-17  1.3878E-17  0.0000E+00 
-2.7756E-17 -2.7756E-17  0.0000E+00 

step = 4     time = 1.36e-04     dt = 3.40e-05
Displacment
 9.7204E-05  9.7204E-05  8.1679E-04 
 9.7204E-05 -9.7204E-05  8.1679E-04 
 1.1652E-04  1.1652E-04  5.1119E-04 
 1.1652E-04 -1.1652E-04  5.1119E-04 
 8.1406E-05  8.1406E-05  2.2241E-04 
 8.1406E-05 -8.1406E-05  2.2241E-04 
 1.3600E-05  1.3600E-05  3.3121E-05 
 1.3600E-05 -1.3600E-05  3.3121E-05 
-6.9389E-17 -1.3878E-17  0.0000E+00 
-4.1633E-17  2.7756E-17  0.0000E+00 
-9.7204E-05  9.7204E-05  8.1679E-04 
-9.7204E-05 -9.7204E-05  8.1679E-04 
-1.1652E-04  1.1652E-04  5.1119E-04 
-1.1652E-04 -1.1652E-04  5.1119E-04 
-8.1406E-05  8.1406E-05  2.2241E-04 
-8.1406E-05 -8.1406E-05  2.2241E-04 
-1.3600E-05  1.3600E-05  3.3121E-05 
-1.3600E-05 -1.3600E-05  3.3121E-05 
 2.7756E-17 -2.7756E-17  0.0000E+00 
 5.5511E-17  2.7756E-17  0.0000E+00 

step = 5     time = 1.70e-04     dt = 3.40e-05
Displacment
-3.2304E-05 -3.2304E-05  1.0210E-03 
-3.2304E-05  3.2304E-05  1.0210E-03 
-2.7611E-05 -2.7611E-05  7.3850E-04 
-2.7611E-05  2.7611E-05  7.3850E-04 
-4.6753E-06 -4.6753E-06  3.8849E-04 
-4.6753E-06  4.6753E-06  3.8849E-04 
 8.4102E-06  8.4102E-06  1.1942E-04 
 8.4102E-06 -8.4102E-06  1.1942E-04 
 4.2494E-06  4.2494E-06  0.0000E+00 
 4.2494E-06 -4.2494E-06  0.0000E+00 
 3.2304E-05 -3.2304E-05  1.0210E-03 
 3.2304E-05  3.2304E-05  1.0210E-03 
 2.7611E-05 -2.7611E-05  7.3850E-04 
 2.7611E-05  2.7611E-05  7.3850E-04 
 4.6753E-06 -4.6753E-06  3.8849E-04 
 4.6753E-06  4.6753E-06  3.8849E-04 
-8.4102E-06  8.4102E-06  1.1942E-04 
-8.4102E-06 -8.4102E-06  1.1942E-04 
-4.2494E-06  4.2494E-06  0.0000E+00 
-4.2494E-06 -4.2494E-06  0.0000E+00 

step = 6     time = 2.04e-04     dt = 3.40e-05
Displacment
 1.4356E-04  1.4356E-04  1.2251E-03 
 1.4356E-04 -1.4356E-04  1.2251E-03 
 1.2812E-04  1.2812E-04  9.4030E-04 
 1.2812E-04 -1.2812E-04  9.4030E-04 
 1.2397E-04  1.2397E-04  6.3627E-04 
 1.2397E-04 -1.2397E-04  6.3627E-04 
 9.6793E-05  9.6793E-05  3.1010E-04 
 9.6793E-05 -9.6793E-05  3.1010E-04 
 5.8972E-05  5.8972E-05  0.0000E+00 
 5.8972E-05 -5.8972E-05  0.0000E+00 
-1.4356E-04  1.4356E-04  1.2251E-03 
-1.4356E-04 -1.4356E-04  1.2251E-03 
-1.2812E-04  1.2812E-04  9.4030E-04 
-1.2812E-04 -1.2812E-04  9.4030E-04 
-1.2397E-04  1.2397E-04  6.3627E-04 
-1.2397E-04 -1.2397E-04  6.3627E-04 
-9.6793E-05  9.6793E-05  3.1010E-04 
-9.6793E-05 -9.6793E-05  3.1010E-04 
-5.8972E-05  5.8972E-05  0.0000E+00 
-5.8972E-05 -5.8972E-05  0.0000E+00 

step = 7     time = 2.38e-04     dt = 3.40e-05
Displacment
-8.2270E-05 -8.2270E-05  1.4293E-03 
-8.2270E-05  8.2270E-05  1.4293E-03 
-7.5395E-05 -7.5395E-05  1.1162E-03 
-7.5395E-05  7.5395E-05  1.1162E-03 
-5.0670E-05 -5.0670E-05  8.4380E-04 
-5.0670E-05  5.0670E-05  8.4380E-04 
-5.2082E-06 -5.2081E-06  4.6585E-04 
-5.2082E-06  5.2081E-06  4.6585E-04 
 2.1311E-05  2.1311E-05  0.0000E+00 
 2.1311E-05 -2.1311E-05  0.0000E+00 
 8.2270E-05 -8.2270E-05  1.4293E-03 
 8.2270E-05  8.2270E-05  1.4293E-03 
 7.5395E-05 -7.5395E-05  1.1162E-03 
 7.5395E-05  7.5395E-05  1.1162E-03 
 5.0670E-05 -5.0670E-05  8.4380E-04 
 5.0670E-05  5.0670E-05  8.4380E-04 
 5.2082E-06 -5.2081E-06  4.6585E-04 
 5.2082E-06  5.2081E-06  4.6585E-04 
-2.1311E-05  2.1311E-05  0.0000E+00 
-2.1311E-05 -2.1311E-05  0.0000E+00 

step = 8     time = 2.72e-04     dt = 3.40e-05
Displacment
 2.1673E-04  2.1673E-04  1.6333E-03 
 2.1673E-04 -2.1673E-04  1.6333E-03 
 2.0228E-04  2.0228E-04  1.3408E-03 
 2.0228E-04 -2.0228E-04  1.3408E-03 
 1.7159E-04  1.7159E-04  1.0277E-03 
 1.7159E-04 -1.7159E-04  1.0277E-03 
 1.8618E-04  1.8618E-04  6.1146E-04 
 1.8618E-04 -1.8618E-04  6.1146E-04 
 2.1588E-04  2.1588E-04  0.0000E+00 
 2.1588E-04 -2.1588E-04  0.0000E+00 
-2.1673E-04  2.1673E-04  1.6333E-03 
-2.1673E-04 -2.1673E-04  1.6333E-03 
-2.0228E-04  2.0228E-04  1.3408E-03 
-2.0228E-04 -2.0228E-04  1.3408E-03 
-1.7159E-04  1.7159E-04  1.0277E-03 
-1.7159E-04 -1.7159E-04  1.0277E-03 
-1.8618E-04  1.8618E-04  6.1146E-04 
-1.8618E-04 -1.8618E-04  6.1146E-04 
-2.1588E-04  2.1588E-04  0.0000E+00 
-2.1588E-04 -2.1588E-04  0.0000E+00 

step = 9     time = 3.06e-04     dt = 3.40e-05
Displacment
-1.9441E-04 -1.9441E-04  1.8375E-03 
-1.9441E-04  1.9441E-04  1.8375E-03 
-1.6768E-04 -1.6768E-04  1.5169E-03 
-1.6768E-04  1.6768E-04  1.5169E-03 
-1.2104E-04 -1.2104E-04  1.1288E-03 
-1.2104E-04  1.2104E-04  1.1288E-03 
-7.9749E-05 -7.9749E-05  6.5131E-04 
-7.9749E-05  7.9749E-05  6.5131E-04 
-5.7716E-05 -5.7716E-05  0.0000E+00 
-5.7716E-05  5.7716E-05  0.0000E+00 
 1.9441E-04 -1.9441E-04  1.8375E-03 
 1.9441E-04  1.9441E-04  1.8375E-03 
 1.6768E-04 -1.6768E-04  1.5169E-03 
 1.6768E-04  1.6768E-04  1.5169E-03 
 1.2104E-04 -1.2104E-04  1.1288E-03 
 1.2104E-04  1.2104E-04  1.1288E-03 
 7.9749E-05 -7.9749E-05  6.5131E-04 
 7.9749E-05  7.9749E-05  6.5131E-04 
 5.7716E-05 -5.7716E-05  0.0000E+00 
 5.7716E-05  5.7716E-05  0.0000E+00 

step = 10     time = 3.40e-04     dt = 3.41e-05
Displacment
 3.6215E-04  3.6215E-04  2.0414E-03 
 3.6215E-04 -3.6215E-04  2.0414E-03 
 3.6127E-04  3.6127E-04  1.6980E-03 
 3.6127E-04 -3.6127E-04  1.6980E-03 
 3.5798E-04  3.5798E-04  1.2275E-03 
 3.5798E-04 -3.5798E-04  1.2275E-03 
 3.4741E-04  3.4741E-04  6.1665E-04 
 3.4741E-04 -3.4741E-04  6.1665E-04 
 3.4064E-04  3.4064E-04  0.0000E+00 
 3.4064E-04 -3.4064E-04  0.0000E+00 
-3.6215E-04  3.6215E-04  2.0414E-03 
-3.6215E-04 -3.6215E-04  2.0414E-03 
-3.6127E-04  3.6127E-04  1.6980E-03 
-3.6127E-04 -3.6127E-04  1.6980E-03 
-3.5798E-04  3.5798E-04  1.2275E-03 
-3.5798E-04 -3.5798E-04  1.2275E-03 
-3.4741E-04  3.4741E-04  6.1665E-04 
-3.4741E-04 -3.4741E-04  6.1665E-04 
-3.4064E-04  3.4064E-04  0.0000E+00 
-3.4064E-04 -3.4064E-04  0.0000E+00 

step = 11     time = 3.74e-04     dt = 3.39e-05
Displacment
-4.0574E-04 -4.0574E-04  2.2458E-03 
-4.0574E-04  4.0574E-04  2.2458E-03 
-3.8322E-04 -3.8322E-04  1.7828E-03 
-3.8322E-04  3.8322E-04  1.7828E-03 
-3.2359E-04 -3.2359E-04  1.2166E-03 
-3.2359E-04  3.2359E-04  1.2166E-03 
-3.0213E-04 -3.0213E-04  5.7060E-04 
-3.0213E-04  3.0213E-04  5.7060E-04 
-3.1787E-04 -3.1787E-04  0.0000E+00 
-3.1787E-04  3.1787E-04  0.0000E+00 
 4.0574E-04 -4.0574E-04  2.2458E-03 
 4.0574E-04  4.0574E-04  2.2458E-03 
 3.8322E-04 -3.8322E-04  1.7828E-03 
 3.8322E-04  3.8322E-04  1.7828E-03 
 3.2359E-04 -3.2359E-04  1.2166E-03 
 3.2359E-04  3.2359E-04  1.2166E-03 
 3.0213E-04 -3.0213E-04  5.7060E-04 
 3.0213E-04  3.0213E-04  5.7060E-04 
 3.1787E-04 -3.1787E-04  0.0000E+00 
 3.1787E-04  3.1787E-04  0.0000E+00 

step = 12     time = 4.08e-04     dt = 3.41e-05
Displacment
 7.6528E-04  7.6528E-04  2.4494E-03 
 7.6528E-04 -7.6528E-04  2.4494E-03 
 7.5462E-04  7.5462E-04  1.8547E-03 
 7.5462E-04 -7.5462E-04  1.8547E-03 
 7.3306E-04  7.3306E-04  1.2090E-03 
 7.3306E-04 -7.3306E-04  1.2090E-03 
 6.9499E-04  6.9499E-04  5.8032E-04 
 6.9499E-04 -6.9499E-04  5.8032E-04 
 6.6635E-04  6.6635E-04  0.0000E+00 
 6.6635E-04 -6.6635E-04  0.0000E+00 
-7.6528E-04  7.6528E-04  2.4494E-03 
-7.6528E-04 -7.6528E-04  2.4494E-03 
-7.5462E-04  7.5462E-04  1.8547E-03 
-7.5462E-04 -7.5462E-04  1.8547E-03 
-7.3306E-04  7.3306E-04  1.2090E-03 
-7.3306E-04 -7.3306E-04  1.2090E-03 
-6.9499E-04  6.9499E-04  5.8032E-04 
-6.9499E-04 -6.9499E-04  5.8032E-04 
-6.6635E-04  6.6635E-04  0.0000E+00 
-6.6635E-04 -6.6635E-04  0.0000E+00 

step = 13     time = 4.42e-04     dt = 3.38e-05
Displacment
-1.0287E-03 -1.0287E-03  2.6541E-03 
-1.0287E-03  1.0287E-03  2.6541E-03 
-1.0078E-03 -1.0078E-03  1.8598E-03 
-1.0078E-03  1.0078E-03  1.8598E-03 
-9.9169E-04 -9.9169E-04  1.1699E-03 
-9.9169E-04  9.9169E-04  1.1699E-03 
-9.6026E-04 -9.6026E-04  5.7534E-04 
-9.6026E-04  9.6026E-04  5.7534E-04 
-9.2450E-04 -9.2450E-04  0.0000E+00 
-9.2450E-04  9.2450E-04  0.0000E+00 
 1.0287E-03 -1.0287E-03  2.6541E-03 
 1.0287E-03  1.0287E-03  2.6541E-03 
 1.0078E-03 -1.0078E-03  1.8598E-03 
 1.0078E-03  1.0078E-03  1.8598E-03 
 9.9169E-04 -9.9169E-04  1.1699E-03 
 9.9169E-04  9.9169E-04  1.1699E-03 
 9.6026E-04 -9.6026E-04  5.7534E-04 
 9.6026E-04  9.6026E-04  5.7534E-04 
 9.2450E-04 -9.2450E-04  0.0000E+00 
 9.2450E-04  9.2450E-04  0.0000E+00 

step = 14     time = 4.76e-04     dt = 3.41e-05
Displacment
 1.9057E-03  1.9057E-03  2.8571E-03 
 1.9057E-03 -1.9057E-03  2.8571E-03 
 1.8637E-03  1.8637E-03  1.9656E-03 
 1.8637E-03 -1.8637E-03  1.9656E-03 
 1.7661E-03  1.7661E-03  1.2316E-03 
 1.7661E-03 -1.7661E-03  1.2316E-03 
 1.7034E-03  1.7034E-03  6.3030E-04 
 1.7034E-03 -1.7034E-03  6.3030E-04 
 1.6977E-03  1.6977E-03  0.0000E+00 
 1.6977E-03 -1.6977E-03  0.0000E+00 
-1.9057E-03  1.9057E-03  2.8571E-03 
-1.9057E-03 -1.9057E-03  2.8571E-03 
-1.8637E-03  1.8637E-03  1.9656E-03 
-1.8637E-03 -1.8637E-03  1.9656E-03 
-1.7661E-03  1.7661E-03  1.2316E-03 
-1.7661E-03 -1.7661E-03  1.2316E-03 
-1.7034E-03  1.7034E-03  6.3030E-04 
-1.7034E-03 -1.7034E-03  6.3030E-04 
-1.6977E-03  1.6977E-03  0.0000E+00 
-1.6977E-03 -1.6977E-03  0.0000E+00 

step = 15     time = 5.10e-04     dt = 3.35e-05
Displacment
-3.6160E-03 -3.6160E-03  3.0618E-03 
-3.6160E-03  3.6160E-03  3.0618E-03 
-3.5771E-03 -3.5771E-03  2.0539E-03 
-3.5771E-03  3.5771E-03  2.0539E-03 
-3.4492E-03 -3.4492E-03  1.2386E-03 
-3.4492E-03  3.4492E-03  1.2386E-03 
-3.3149E-03 -3.3149E-03  5.8840E-04 
-3.3149E-03  3.3149E-03  5.8840E-04 
-3.2687E-03 -3.2687E-03  0.0000E+00 
-3.2687E-03  3.2687E-03  0.0000E+00 
 3.6160E-03 -3.6160E-03  3.0618E-03 
 3.6160E-03  3.6160E-03  3.0618E-03 
 3.5771E-03 -3.5771E-03  2.0539E-03 
 3.5771E-03  3.5771E-03  2.0539E-03 
 3.4492E-03 -3.4492E-03  1.2386E-03 
 3.4492E-03  3.4492E-03  1.2386E-03 
 3.3149E-03 -3.3149E-03  5.8840E-04 
 3.3149E-03  3.3149E-03  5.8840E-04 
 3.2687E-03 -3.2687E-03  0.0000E+00 
 3.2687E-03  3.2687E-03  0.0000E+00 

step = 16     time = 5.44e-04     dt = 3.41e-05
Displacment
 6.5520E-03  6.5520E-03  3.2629E-03 
 6.5520E-03 -6.5520E-03  3.2629E-03 
 6.4219E-03  6.4219E-03  2.4171E-03 
 6.4219E-03 -6.4219E-03  2.4171E-03 
 6.1473E-03  6.1473E-03  1.5685E-03 
 6.1473E-03 -6.1473E-03  1.5685E-03 
 5.8860E-03  5.8860E-03  7.2924E-04 
 5.8860E-03 -5.8860E-03  7.2924E-04 
 5.7681E-03  5.7681E-03  0.0000E+00 
 5.7681E-03 -5.7681E-03  0.0000E+00 
-6.5520E-03  6.5520E-03  3.2629E-03 
-6.5520E-03 -6.5520E-03  3.2629E-03 
-6.4219E-03  6.4219E-03  2.4171E-03 
-6.4219E-03 -6.4219E-03  2.4171E-03 
-6.1473E-03  6.1473E-03  1.5685E-03 
-6.1473E-03 -6.1473E-03  1.5685E-03 
-5.8860E-03  5.8860E-03  7.2924E-04 
-5.8860E-03 -5.8860E-03  7.2924E-04 
-5.7681E-03  5.7681E-03  0.0000E+00 
-5.7681E-03 -5.7681E-03  0.0000E+00 

step = 17     time = 5.78e-04     dt = 3.23e-05
Displacment
-2.1294E-02 -2.1294E-02  3.4676E-03 
-2.1294E-02  2.1294E-02  3.4676E-03 
-2.0690E-02 -2.0690E-02  2.1538E-03 
-2.0690E-02  2.0690E-02  2.1538E-03 
-1.9420E-02 -1.9420E-02  1.1627E-03 
-1.9420E-02  1.9420E-02  1.1627E-03 
-1.8394E-02 -1.8394E-02  5.1490E-04 
-1.8394E-02  1.8394E-02  5.1490E-04 
-1.8034E-02 -1.8034E-02  0.0000E+00 
-1.8034E-02  1.8034E-02  0.0000E+00 
 2.1294E-02 -2.1294E-02  3.4676E-03 
 2.1294E-02  2.1294E-02  3.4676E-03 
 2.0690E-02 -2.0690E-02  2.1538E-03 
 2.0690E-02  2.0690E-02  2.1538E-03 
 1.9420E-02 -1.9420E-02  1.1627E-03 
 1.9420E-02  1.9420E-02  1.1627E-03 
 1.8394E-02 -1.8394E-02  5.1490E-04 
 1.8394E-02  1.8394E-02  5.1490E-04 
 1.8034E-02 -1.8034E-02  0.0000E+00 
 1.8034E-02  1.8034E-02  0.0000E+00 

step = 18     time = 6.10e-04     dt = 3.41e-05
Displacment
 5.1106E-02  5.1106E-02  3.6612E-03 
 5.1106E-02 -5.1106E-02  3.6612E-03 
 4.9330E-02  4.9330E-02  5.0881E-03 
 4.9330E-02 -4.9330E-02  5.0881E-03 
 4.5501E-02  4.5501E-02  4.4790E-03 
 4.5501E-02 -4.5501E-02  4.4790E-03 
 4.2332E-02  4.2332E-02  2.3998E-03 
 4.2332E-02 -4.2332E-02  2.3998E-03 
 4.1219E-02  4.1219E-02  0.0000E+00 
 4.1219E-02 -4.1219E-02  0.0000E+00 
-5.1106E-02  5.1106E-02  3.6612E-03 
-5.1106E-02 -5.1106E-02  3.6612E-03 
-4.9330E-02  4.9330E-02  5.0881E-03 
-4.9330E-02 -4.9330E-02  5.0881E-03 
-4.5501E-02  4.5501E-02  4.4790E-03 
-4.5501E-02 -4.5501E-02  4.4790E-03 
-4.2332E-02  4.2332E-02  2.3998E-03 
-4.2332E-02 -4.2332E-02  2.3998E-03 
-4.1219E-02  4.1219E-02  0.0000E+00 
-4.1219E-02 -4.1219E-02  0.0000E+00 

step = 19     time = 6.44e-04     dt = 2.01e-05
Displacment
-4.7508E-02 -4.7508E-02  3.8659E-03 
-4.7508E-02  4.7508E-02  3.8659E-03 
-4.8249E-02 -4.8249E-02  8.8034E-03 
-4.8249E-02  4.8249E-02  8.8034E-03 
-5.1059E-02 -5.1059E-02  9.7935E-03 
-5.1059E-02  5.1059E-02  9.7935E-03 
-5.4883E-02 -5.4883E-02  6.0449E-03 
-5.4883E-02  5.4883E-02  6.0449E-03 
-5.6645E-02 -5.6645E-02  0.0000E+00 
-5.6645E-02  5.6645E-02  0.0000E+00 
 4.7508E-02 -4.7508E-02  3.8659E-03 
 4.7508E-02  4.7508E-02  3.8659E-03 
 4.8249E-02 -4.8249E-02  8.8034E-03 
 4.8249E-02  4.8249E-02  8.8034E-03 
 5.1059E-02 -5.1059E-02  9.7935E-03 
 5.1059E-02  5.1059E-02  9.7935E-03 
 5.4883E-02 -5.4883E-02  6.0449E-03 
 5.4883E-02  5.4883E-02  6.0449E-03 
 5.6645E-02 -5.6645E-02  0.0000E+00 
 5.6645E-02  5.6645E-02  0.0000E+00 

step = 20     time = 6.64e-04     dt = 3.34e-05
Displacment
 2.3783E-02  2.3783E-02  3.9866E-03 
 2.3783E-02 -2.3783E-02  3.9866E-03 
 3.5445E-02  3.5446E-02 -3.9048E-04 
 3.5445E-02 -3.5446E-02 -3.9048E-04 
 6.4728E-02  6.4729E-02 -8.2077E-03 
 6.4728E-02 -6.4729E-02 -8.2077E-03 
 9.5152E-02  9.5152E-02 -9.4123E-03 
 9.5152E-02 -9.5152E-02 -9.4123E-03 
 1.0788E-01  1.0788E-01  0.0000E+00 
 1.0788E-01 -1.0788E-01  0.0000E+00 
-2.3783E-02  2.3783E-02  3.9866E-03 
-2.3783E-02 -2.3783E-02  3.9866E-03 
-3.5445E-02  3.5446E-02 -3.9048E-04 
-3.5445E-02 -3.5446E-02 -3.9048E-04 
-6.4728E-02  6.4729E-02 -8.2077E-03 
-6.4728E-02 -6.4729E-02 -8.2077E-03 
-9.5152E-02  9.5152E-02 -9.4123E-03 
-9.5152E-02 -9.5152E-02 -9.4123E-03 
-1.0788E-01  1.0788E-01  0.0000E+00 
-1.0788E-01 -1.0788E-01  0.0000E+00 

step = 21     time = 6.98e-04     dt = 4.66e-06
Displacment
-1.0536E-02 -1.0536E-02  4.1868E-03 
-1.0536E-02  1.0536E-02  4.1868E-03 
 8.2959E-03  8.2959E-03 -1.1811E-02 
 8.2959E-03 -8.2959E-03 -1.1811E-02 
 4.9632E-02  4.9632E-02 -2.2124E-02 
 4.9632E-02 -4.9632E-02 -2.2124E-02 
 4.6985E-02  4.6985E-02 -2.5886E-02 
 4.6985E-02 -4.6985E-02 -2.5886E-02 
-1.4558E-02 -1.4559E-02  0.0000E+00 
-1.4558E-02  1.4559E-02  0.0000E+00 
 1.0536E-02 -1.0536E-02  4.1868E-03 
 1.0536E-02  1.0536E-02  4.1868E-03 
-8.2959E-03  8.2959E-03 -1.1811E-02 
-8.2959E-03 -8.2959E-03 -1.1811E-02 
-4.9632E-02  4.9632E-02 -2.2124E-02 
-4.9632E-02 -4.9632E-02 -2.2124E-02 
-4.6985E-02  4.6985E-02 -2.5886E-02 
-4.6985E-02 -4.6985E-02 -2.5886E-02 
 1.4558E-02 -1.4559E-02  0.0000E+00 
 1.4558E-02  1.4559E-02  0.0000E+00 

step = 22     time = 7.02e-04     dt = 2.05e-05
Displacment
-1.3806E-01 -1.3806E-01  4.2148E-03 
-1.3806E-01  1.3806E-01  4.2148E-03 
-1.0862E-01 -1.0862E-01 -5.4191E-02 
-1.0862E-01  1.0862E-01 -5.4191E-02 
-4.2154E-02 -4.2154E-02 -8.5508E-02 
-4.2154E-02  4.2154E-02 -8.5508E-02 
-1.8438E-01 -1.8438E-01 -9.5840E-02 
-1.8438E-01  1.8438E-01 -9.5840E-02 
-5.4496E-01 -5.4496E-01  0.0000E+00 
-5.4496E-01  5.4496E-01  0.0000E+00 
 1.3806E-01 -1.3806E-01  4.2148E-03 
 1.3806E-01  1.3806E-01  4.2148E-03 
 1.0862E-01 -1.0862E-01 -5.4191E-02 
 1.0862E-01  1.0862E-01 -5.4191E-02 
 4.2154E-02 -4.2154E-02 -8.5508E-02 
 4.2154E-02  4.2154E-02 -8.5508E-02 
 1.8438E-01 -1.8438E-01 -9.5840E-02 
 1.8438E-01  1.8438E-01 -9.5840E-02 
 5.4496E-01 -5.4496E-01  0.0000E+00 
 5.4496E-01  5.4496E-01  0.0000E+00 

step = 23     time = 7.23e-04     dt = 4.04e-05
Displacment
 2.1434E+00  2.1434E+00  4.3379E-03 
 2.1434E+00 -2.1434E+00  4.3379E-03 
 1.3200E+00  1.3200E+00  1.0944E+00 
 1.3200E+00 -1.3200E+00  1.0944E+00 
 6.7694E-01  6.7694E-01 -1.1254E+00 
 6.7694E-01 -6.7694E-01 -1.1254E+00 
 2.5303E+00  2.5302E+00 -2.1600E+01 
 2.5303E+00 -2.5302E+00 -2.1600E+01 
 7.1490E+00  7.1490E+00  0.0000E+00 
 7.1490E+00 -7.1490E+00  0.0000E+00 
-2.1434E+00  2.1434E+00  4.3379E-03 
-2.1434E+00 -2.1434E+00  4.3379E-03 
-1.3200E+00  1.3200E+00  1.0944E+00 
-1.3200E+00 -1.3200E+00  1.0944E+00 
-6.7694E-01  6.7694E-01 -1.1254E+00 
-6.7694E-01 -6.7694E-01 -1.1254E+00 
-2.5303E+00  2.5302E+00 -2.1600E+01 
-2.5303E+00 -2.5302E+00 -2.1600E+01 
-7.1490E+00  7.1490E+00  0.0000E+00 
-7.1490E+00 -7.1490E+00  0.0000E+00 

step = 24     time = 7.63e-04     dt = 1.50e-04
Displacment
 4.6927E+09  4.6927E+09  4.5803E-03 
 4.6927E+09 -4.6927E+09  4.5803E-03 
 1.0958E+09  1.0958E+09  7.1962E+09 
 1.0958E+09 -1.0958E+09  7.1962E+09 
-1.3580E+07 -1.3580E+07 -4.6665E+06 
-1.3580E+07  1.3580E+07 -4.6665E+06 
 4.9213E+16  4.9213E+16 -5.6469E+16 
 4.9213E+16 -4.9213E+16 -5.6469E+16 
 3.0958E+17  3.0958E+17  0.0000E+00 
 3.0958E+17 -3.0958E+17  0.0000E+00 
-4.6927E+09  4.6927E+09  4.5803E-03 
-4.6927E+09 -4.6927E+09  4.5803E-03 
-1.0958E+09  1.0958E+09  7.1962E+09 
-1.0958E+09 -1.0958E+09  7.1962E+09 
 1.3580E+07 -1.3580E+07 -4.6665E+06 
 1.3580E+07  1.3580E+07 -4.6665E+06 
-4.9213E+16  4.9213E+16 -5.6469E+16 
-4.9213E+16 -4.9213E+16 -5.6469E+16 
-3.0958E+17  3.0958E+17  0.0000E+00 
-3.0958E+17 -3.0958E+17  0.0000E+00 

step = 25     time = 9.14e-04     dt = 3.70e+03
Displacment
 4.1178E+75  4.1178E+75  5.4821E-03 
 4.1178E+75 -4.1178E+75  5.4821E-03 
 7.4678E+74  7.4677E+74  1.4563E+75 
 7.4678E+74 -7.4677E+74  1.4563E+75 
-4.2191E+107 -4.2191E+107 -1.2869E+108 
-4.2191E+107  4.2191E+107 -1.2869E+108 
 5.0558E+119  5.0557E+119 -8.8264E+120 
 5.0558E+119 -5.0557E+119 -8.8264E+120 
 3.0592E+120  3.0592E+120  0.0000E+00 
 3.0592E+120 -3.0592E+120  0.0000E+00 
-4.1178E+75  4.1178E+75  5.4821E-03 
-4.1178E+75 -4.1178E+75  5.4821E-03 
-7.4678E+74  7.4677E+74  1.4563E+75 
-7.4678E+74 -7.4677E+74  1.4563E+75 
 4.2191E+107 -4.2191E+107 -1.2869E+108 
 4.2191E+107  4.2191E+107 -1.2869E+108 
-5.0558E+119  5.0557E+119 -8.8264E+120 
-5.0558E+119 -5.0557E+119 -8.8264E+120 
-3.0592E+120  3.0592E+120  0.0000E+00 
-3.0592E+120 -3.0592E+120  0.0000E+00 
Displacment
 4.1178E+75  4.1178E+75  5.4821E-03 
 4.1178E+75 -4.1178E+75  5.4821E-03 
 7.4678E+74  7.4677E+74  1.4563E+75 
 7.4678E+74 -7.4677E+74  1.4563E+75 
-4.2191E+107 -4.2191E+107 -1.2869E+108 
-4.2191E+107  4.2191E+107 -1.2869E+108 
 5.0558E+119  5.0557E+119 -8.8264E+120 
 5.0558E+119 -5.0557E+119 -8.8264E+120 
 3.0592E+120  3.0592E+120  0.0000E+00 
 3.0592E+120 -3.0592E+120  0.0000E+00 
-4.1178E+75  4.1178E+75  5.4821E-03 
-4.1178E+75 -4.1178E+75  5.4821E-03 
-7.4678E+74  7.4677E+74  1.4563E+75 
-7.4678E+74 -7.4677E+74  1.4563E+75 
 4.2191E+107 -4.2191E+107 -1.2869E+108 
 4.2191E+107  4.2191E+107 -1.2869E+108 
-5.0558E+119  5.0557E+119 -8.8264E+120 
-5.0558E+119 -5.0557E+119 -8.8264E+120 
-3.0592E+120  3.0592E+120  0.0000E+00 
-3.0592E+120 -3.0592E+120  0.0000E+00 
