2.55311e-05 3.50220e+02  2.98096e-10 0.00000e+00 
5.10621e-05 2.42421e+03  -2.16690e+03 0.00000e+00 
7.65932e-05 5.75500e+03  -5.39239e+03 0.00000e+00 
1.02113e-04 1.22610e+04  -1.18050e+04 0.00000e+00 
1.27627e-04 2.32216e+04  -2.26537e+04 0.00000e+00 
1.53147e-04 3.64713e+04  -3.60777e+04 0.00000e+00 
1.78669e-04 4.95960e+04  -4.92207e+04 0.00000e+00 
2.04188e-04 6.56137e+04  -6.50179e+04 0.00000e+00 
2.29708e-04 8.88422e+04  -8.78636e+04 0.00000e+00 
2.55229e-04 1.21764e+05  -1.20369e+05 0.00000e+00 
2.80746e-04 1.67292e+05  -1.65613e+05 0.00000e+00 
3.06258e-04 2.28465e+05  -2.26661e+05 0.00000e+00 
3.31767e-04 3.06156e+05  -3.04337e+05 0.00000e+00 
3.57273e-04 4.00595e+05  -3.98739e+05 0.00000e+00 
3.82784e-04 5.14133e+05  -5.12180e+05 0.00000e+00 
4.08294e-04 6.51860e+05  -6.49616e+05 0.00000e+00 
4.33805e-04 8.22701e+05  -8.19889e+05 0.00000e+00 
4.59316e-04 1.03780e+06  -1.03420e+06 0.00000e+00 
4.84824e-04 1.30349e+06  -1.29926e+06 0.00000e+00 
5.10328e-04 1.61677e+06  -1.61228e+06 0.00000e+00 
5.35830e-04 1.97155e+06  -1.96703e+06 0.00000e+00 
5.61330e-04 2.36662e+06  -2.36202e+06 0.00000e+00 
5.86829e-04 2.80486e+06  -2.80008e+06 0.00000e+00 
6.12331e-04 3.29227e+06  -3.28715e+06 0.00000e+00 
6.37832e-04 3.84386e+06  -3.83802e+06 0.00000e+00 
6.63332e-04 4.48199e+06  -4.47509e+06 0.00000e+00 
6.88830e-04 5.22145e+06  -5.21356e+06 0.00000e+00 
7.14324e-04 6.06061e+06  -6.05216e+06 0.00000e+00 
7.39816e-04 6.98962e+06  -6.98096e+06 0.00000e+00 
7.65307e-04 8.00129e+06  -7.99253e+06 0.00000e+00 
7.90798e-04 9.09410e+06  -9.08521e+06 0.00000e+00 
8.16291e-04 1.02761e+07  -1.02669e+07 0.00000e+00 
8.41783e-04 1.15705e+07  -1.15605e+07 0.00000e+00 
8.67274e-04 1.30096e+07  -1.29984e+07 0.00000e+00 
8.92764e-04 1.46179e+07  -1.46054e+07 0.00000e+00 
9.18250e-04 1.64005e+07  -1.63870e+07 0.00000e+00 
9.43731e-04 1.83454e+07  -1.83314e+07 0.00000e+00 
9.69211e-04 2.04333e+07  -2.04191e+07 0.00000e+00 
9.94692e-04 2.26500e+07  -2.26357e+07 0.00000e+00 
1.02018e-03 2.49980e+07  -2.49834e+07 0.00000e+00 
1.04566e-03 2.75038e+07  -2.74883e+07 0.00000e+00 
1.07114e-03 3.02110e+07  -3.01943e+07 0.00000e+00 
1.09662e-03 3.31624e+07  -3.31442e+07 0.00000e+00 
1.12210e-03 3.63801e+07  -3.63605e+07 0.00000e+00 
1.14757e-03 3.98581e+07  -3.98374e+07 0.00000e+00 
1.17304e-03 4.35698e+07  -4.35487e+07 0.00000e+00 
1.19851e-03 4.74868e+07  -4.74655e+07 0.00000e+00 
1.22399e-03 5.15979e+07  -5.15764e+07 0.00000e+00 
1.24946e-03 5.59216e+07  -5.58994e+07 0.00000e+00 
1.27493e-03 6.05072e+07  -6.04839e+07 0.00000e+00 
1.30040e-03 6.54166e+07  -6.53916e+07 0.00000e+00 
1.32587e-03 7.06952e+07  -7.06686e+07 0.00000e+00 
1.35134e-03 7.63520e+07  -7.63239e+07 0.00000e+00 
1.37680e-03 8.23586e+07  -8.23296e+07 0.00000e+00 
1.40227e-03 8.86709e+07  -8.86414e+07 0.00000e+00 
1.42773e-03 9.52561e+07  -9.52265e+07 0.00000e+00 
1.45319e-03 1.02116e+08  -1.02086e+08 0.00000e+00 
1.47866e-03 1.09295e+08  -1.09264e+08 0.00000e+00 
1.50412e-03 1.16871e+08  -1.16838e+08 0.00000e+00 
1.52958e-03 1.24917e+08  -1.24882e+08 0.00000e+00 
1.55504e-03 1.33473e+08  -1.33436e+08 0.00000e+00 
1.58049e-03 1.42526e+08  -1.42488e+08 0.00000e+00 
1.60594e-03 1.52026e+08  -1.51987e+08 0.00000e+00 
1.63140e-03 1.61915e+08  -1.61876e+08 0.00000e+00 
1.65685e-03 1.72165e+08  -1.72125e+08 0.00000e+00 
1.68231e-03 1.82800e+08  -1.82760e+08 0.00000e+00 
1.70776e-03 1.93899e+08  -1.93857e+08 0.00000e+00 
1.73321e-03 2.05559e+08  -2.05515e+08 0.00000e+00 
1.75866e-03 2.17856e+08  -2.17810e+08 0.00000e+00 
1.78411e-03 2.30811e+08  -2.30763e+08 0.00000e+00 
1.80955e-03 2.44383e+08  -2.44333e+08 0.00000e+00 
1.83499e-03 2.58497e+08  -2.58447e+08 0.00000e+00 
1.86044e-03 2.73087e+08  -2.73037e+08 0.00000e+00 
1.88588e-03 2.88146e+08  -2.88095e+08 0.00000e+00 
1.91133e-03 3.03733e+08  -3.03680e+08 0.00000e+00 
1.93677e-03 3.19959e+08  -3.19905e+08 0.00000e+00 
1.96221e-03 3.36941e+08  -3.36885e+08 0.00000e+00 
1.98765e-03 3.54746e+08  -3.54687e+08 0.00000e+00 
2.01308e-03 3.73363e+08  -3.73302e+08 0.00000e+00 
2.03852e-03 3.92719e+08  -3.92657e+08 0.00000e+00 
2.06395e-03 4.12719e+08  -4.12656e+08 0.00000e+00 
2.08938e-03 4.33300e+08  -4.33237e+08 0.00000e+00 
2.11482e-03 4.54486e+08  -4.54422e+08 0.00000e+00 
2.14025e-03 4.76379e+08  -4.76313e+08 0.00000e+00 
2.16568e-03 4.99120e+08  -4.99052e+08 0.00000e+00 
2.19111e-03 5.22829e+08  -5.22758e+08 0.00000e+00 
2.21654e-03 5.47551e+08  -5.47478e+08 0.00000e+00 
2.24196e-03 5.73236e+08  -5.73161e+08 0.00000e+00 
2.26739e-03 5.99778e+08  -5.99703e+08 0.00000e+00 
2.29282e-03 6.27071e+08  -6.26994e+08 0.00000e+00 
2.31824e-03 6.55077e+08  -6.54999e+08 0.00000e+00 
2.34366e-03 6.83860e+08  -6.83782e+08 0.00000e+00 
2.36908e-03 7.13567e+08  -7.13486e+08 0.00000e+00 
2.39450e-03 7.44361e+08  -7.44278e+08 0.00000e+00 
2.41992e-03 7.76353e+08  -7.76268e+08 0.00000e+00 
2.44534e-03 8.09551e+08  -8.09463e+08 0.00000e+00 
2.47076e-03 8.43859e+08  -8.43769e+08 0.00000e+00 
2.49618e-03 8.79143e+08  -8.79052e+08 0.00000e+00 
2.52159e-03 9.15303e+08  -9.15211e+08 0.00000e+00 
2.54700e-03 9.52333e+08  -9.52240e+08 0.00000e+00 
2.57242e-03 9.90347e+08  -9.90252e+08 0.00000e+00 
2.59783e-03 1.02953e+09  -1.02943e+09 0.00000e+00 
2.62324e-03 1.07006e+09  -1.06996e+09 0.00000e+00 
2.64865e-03 1.11202e+09  -1.11192e+09 0.00000e+00 
2.67406e-03 1.15537e+09  -1.15527e+09 0.00000e+00 
2.69946e-03 1.19999e+09  -1.19988e+09 0.00000e+00 
2.72487e-03 1.24570e+09  -1.24559e+09 0.00000e+00 
2.75027e-03 1.29244e+09  -1.29233e+09 0.00000e+00 
2.77567e-03 1.34025e+09  -1.34014e+09 0.00000e+00 
2.80107e-03 1.38929e+09  -1.38918e+09 0.00000e+00 
2.82647e-03 1.43978e+09  -1.43966e+09 0.00000e+00 
2.85187e-03 1.49189e+09  -1.49177e+09 0.00000e+00 
2.87727e-03 1.54567e+09  -1.54555e+09 0.00000e+00 
2.90267e-03 1.60102e+09  -1.60090e+09 0.00000e+00 
2.92807e-03 1.65777e+09  -1.65765e+09 0.00000e+00 
2.95346e-03 1.71576e+09  -1.71564e+09 0.00000e+00 
2.97885e-03 1.77495e+09  -1.77482e+09 0.00000e+00 
3.00424e-03 1.83543e+09  -1.83530e+09 0.00000e+00 
3.02963e-03 1.89743e+09  -1.89730e+09 0.00000e+00 
3.05503e-03 1.96118e+09  -1.96104e+09 0.00000e+00 
3.08042e-03 2.02684e+09  -2.02670e+09 0.00000e+00 
3.10581e-03 2.09440e+09  -2.09425e+09 0.00000e+00 
3.13120e-03 2.16371e+09  -2.16357e+09 0.00000e+00 
3.15658e-03 2.23457e+09  -2.23443e+09 0.00000e+00 
3.18196e-03 2.30684e+09  -2.30670e+09 0.00000e+00 
3.20735e-03 2.38051e+09  -2.38037e+09 0.00000e+00 
3.23273e-03 2.45575e+09  -2.45560e+09 0.00000e+00 
3.25811e-03 2.53282e+09  -2.53267e+09 0.00000e+00 
3.28349e-03 2.61195e+09  -2.61180e+09 0.00000e+00 
3.30887e-03 2.69327e+09  -2.69311e+09 0.00000e+00 
3.33425e-03 2.77671e+09  -2.77655e+09 0.00000e+00 
3.35963e-03 2.86209e+09  -2.86192e+09 0.00000e+00 
3.38500e-03 2.94917e+09  -2.94900e+09 0.00000e+00 
3.41037e-03 3.03784e+09  -3.03767e+09 0.00000e+00 
3.43574e-03 3.12815e+09  -3.12798e+09 0.00000e+00 
3.46112e-03 3.22033e+09  -3.22016e+09 0.00000e+00 
3.48649e-03 3.31468e+09  -3.31451e+09 0.00000e+00 
3.51186e-03 3.41144e+09  -3.41126e+09 0.00000e+00 
3.53723e-03 3.51067e+09  -3.51049e+09 0.00000e+00 
3.56260e-03 3.61224e+09  -3.61206e+09 0.00000e+00 
3.58796e-03 3.71593e+09  -3.71574e+09 0.00000e+00 
3.61332e-03 3.82150e+09  -3.82132e+09 0.00000e+00 
3.63869e-03 3.92888e+09  -3.92869e+09 0.00000e+00 
3.66405e-03 4.03817e+09  -4.03798e+09 0.00000e+00 
3.68941e-03 4.14967e+09  -4.14948e+09 0.00000e+00 
3.71478e-03 4.26370e+09  -4.26350e+09 0.00000e+00 
3.74014e-03 4.38047e+09  -4.38027e+09 0.00000e+00 
3.76550e-03 4.49998e+09  -4.49977e+09 0.00000e+00 
3.79085e-03 4.62204e+09  -4.62184e+09 0.00000e+00 
3.81620e-03 4.74640e+09  -4.74619e+09 0.00000e+00 
3.84156e-03 4.87283e+09  -4.87262e+09 0.00000e+00 
3.86691e-03 5.00132e+09  -5.00111e+09 0.00000e+00 
3.89226e-03 5.13204e+09  -5.13183e+09 0.00000e+00 
3.91762e-03 5.26535e+09  -5.26513e+09 0.00000e+00 
3.94297e-03 5.40156e+09  -5.40134e+09 0.00000e+00 
3.96832e-03 5.54086e+09  -5.54063e+09 0.00000e+00 
3.99367e-03 5.68318e+09  -5.68296e+09 0.00000e+00 
4.01902e-03 5.82828e+09  -5.82805e+09 0.00000e+00 
4.04436e-03 5.97586e+09  -5.97563e+09 0.00000e+00 
4.06970e-03 6.12573e+09  -6.12550e+09 0.00000e+00 
4.09504e-03 6.27794e+09  -6.27771e+09 0.00000e+00 
4.12039e-03 6.43272e+09  -6.43248e+09 0.00000e+00 
4.14573e-03 6.59046e+09  -6.59022e+09 0.00000e+00 
4.17107e-03 6.75149e+09  -6.75125e+09 0.00000e+00 
4.19641e-03 6.91595e+09  -6.91569e+09 0.00000e+00 
4.22175e-03 7.08369e+09  -7.08344e+09 0.00000e+00 
4.24709e-03 7.25444e+09  -7.25418e+09 0.00000e+00 
4.27242e-03 7.42786e+09  -7.42761e+09 0.00000e+00 
4.29776e-03 7.60383e+09  -7.60357e+09 0.00000e+00 
4.32309e-03 7.78243e+09  -7.78217e+09 0.00000e+00 
4.34843e-03 7.96400e+09  -7.96374e+09 0.00000e+00 
4.37376e-03 8.14897e+09  -8.14870e+09 0.00000e+00 
4.39909e-03 8.33762e+09  -8.33735e+09 0.00000e+00 
4.42442e-03 8.53004e+09  -8.52976e+09 0.00000e+00 
4.44974e-03 8.72601e+09  -8.72573e+09 0.00000e+00 
4.47507e-03 8.92521e+09  -8.92493e+09 0.00000e+00 
4.50039e-03 9.12731e+09  -9.12702e+09 0.00000e+00 
4.52572e-03 9.33221e+09  -9.33193e+09 0.00000e+00 
4.55105e-03 9.54009e+09  -9.53980e+09 0.00000e+00 
4.57637e-03 9.75133e+09  -9.75104e+09 0.00000e+00 
4.60169e-03 9.96639e+09  -9.96609e+09 0.00000e+00 
4.62701e-03 1.01855e+10  -1.01852e+10 0.00000e+00 
4.65233e-03 1.04088e+10  -1.04085e+10 0.00000e+00 
4.67765e-03 1.06358e+10  -1.06355e+10 0.00000e+00 
4.70296e-03 1.08663e+10  -1.08660e+10 0.00000e+00 
4.72828e-03 1.11000e+10  -1.10997e+10 0.00000e+00 
4.75359e-03 1.13368e+10  -1.13364e+10 0.00000e+00 
4.77891e-03 1.15769e+10  -1.15766e+10 0.00000e+00 
4.80422e-03 1.18208e+10  -1.18205e+10 0.00000e+00 
4.82953e-03 1.20691e+10  -1.20687e+10 0.00000e+00 
4.85484e-03 1.23218e+10  -1.23215e+10 0.00000e+00 
4.88015e-03 1.25789e+10  -1.25786e+10 0.00000e+00 
4.90546e-03 1.28402e+10  -1.28398e+10 0.00000e+00 
4.93076e-03 1.31051e+10  -1.31047e+10 0.00000e+00 
4.95607e-03 1.33734e+10  -1.33730e+10 0.00000e+00 
4.98138e-03 1.36451e+10  -1.36447e+10 0.00000e+00 
5.00668e-03 1.39206e+10  -1.39202e+10 0.00000e+00 
5.03198e-03 1.42003e+10  -1.42000e+10 0.00000e+00 
5.05728e-03 1.44848e+10  -1.44845e+10 0.00000e+00 
5.08258e-03 1.47742e+10  -1.47739e+10 0.00000e+00 
5.10788e-03 1.50684e+10  -1.50680e+10 0.00000e+00 
5.13318e-03 1.53669e+10  -1.53665e+10 0.00000e+00 
5.15848e-03 1.56693e+10  -1.56690e+10 0.00000e+00 
5.18377e-03 1.59754e+10  -1.59751e+10 0.00000e+00 
5.20907e-03 1.62854e+10  -1.62850e+10 0.00000e+00 
5.23436e-03 1.65995e+10  -1.65992e+10 0.00000e+00 
5.25966e-03 1.69185e+10  -1.69181e+10 0.00000e+00 
5.28495e-03 1.72426e+10  -1.72422e+10 0.00000e+00 
5.31024e-03 1.75720e+10  -1.75716e+10 0.00000e+00 
5.33553e-03 1.79065e+10  -1.79061e+10 0.00000e+00 
5.36082e-03 1.82456e+10  -1.82452e+10 0.00000e+00 
5.38610e-03 1.85888e+10  -1.85884e+10 0.00000e+00 
5.41139e-03 1.89360e+10  -1.89356e+10 0.00000e+00 
5.43667e-03 1.92875e+10  -1.92871e+10 0.00000e+00 
5.46196e-03 1.96436e+10  -1.96432e+10 0.00000e+00 
5.48724e-03 2.00051e+10  -2.00046e+10 0.00000e+00 
5.51252e-03 2.03721e+10  -2.03717e+10 0.00000e+00 
5.53780e-03 2.07449e+10  -2.07444e+10 0.00000e+00 
5.56308e-03 2.11230e+10  -2.11226e+10 0.00000e+00 
5.58836e-03 2.15060e+10  -2.15056e+10 0.00000e+00 
5.61363e-03 2.18935e+10  -2.18931e+10 0.00000e+00 
5.63891e-03 2.22854e+10  -2.22850e+10 0.00000e+00 
5.66418e-03 2.26819e+10  -2.26815e+10 0.00000e+00 
5.68945e-03 2.30836e+10  -2.30832e+10 0.00000e+00 
5.71473e-03 2.34911e+10  -2.34907e+10 0.00000e+00 
5.74000e-03 2.39047e+10  -2.39043e+10 0.00000e+00 
5.76527e-03 2.43244e+10  -2.43239e+10 0.00000e+00 
5.79054e-03 2.47498e+10  -2.47493e+10 0.00000e+00 
5.81581e-03 2.51803e+10  -2.51798e+10 0.00000e+00 
5.84107e-03 2.56155e+10  -2.56150e+10 0.00000e+00 
5.86634e-03 2.60555e+10  -2.60550e+10 0.00000e+00 
5.89160e-03 2.65006e+10  -2.65002e+10 0.00000e+00 
5.91686e-03 2.69515e+10  -2.69510e+10 0.00000e+00 
5.94212e-03 2.74086e+10  -2.74081e+10 0.00000e+00 
5.96739e-03 2.78723e+10  -2.78719e+10 0.00000e+00 
5.99265e-03 2.83425e+10  -2.83420e+10 0.00000e+00 
6.01791e-03 2.88187e+10  -2.88182e+10 0.00000e+00 
6.04317e-03 2.93004e+10  -2.92999e+10 0.00000e+00 
6.06842e-03 2.97872e+10  -2.97867e+10 0.00000e+00 
6.09368e-03 3.02791e+10  -3.02786e+10 0.00000e+00 
6.11893e-03 3.07767e+10  -3.07762e+10 0.00000e+00 
6.14418e-03 3.12805e+10  -3.12800e+10 0.00000e+00 
6.16944e-03 3.17911e+10  -3.17906e+10 0.00000e+00 
6.19469e-03 3.23087e+10  -3.23082e+10 0.00000e+00 
6.21994e-03 3.28331e+10  -3.28326e+10 0.00000e+00 
6.24519e-03 3.33639e+10  -3.33633e+10 0.00000e+00 
6.27044e-03 3.39005e+10  -3.38999e+10 0.00000e+00 
6.29568e-03 3.44425e+10  -3.44420e+10 0.00000e+00 
6.32093e-03 3.49902e+10  -3.49896e+10 0.00000e+00 
6.34617e-03 3.55439e+10  -3.55434e+10 0.00000e+00 
6.37141e-03 3.61044e+10  -3.61039e+10 0.00000e+00 
6.39666e-03 3.66723e+10  -3.66717e+10 0.00000e+00 
6.42190e-03 3.72476e+10  -3.72471e+10 0.00000e+00 
6.44714e-03 3.78302e+10  -3.78296e+10 0.00000e+00 
6.47238e-03 3.84194e+10  -3.84189e+10 0.00000e+00 
6.49761e-03 3.90149e+10  -3.90143e+10 0.00000e+00 
6.52285e-03 3.96162e+10  -3.96156e+10 0.00000e+00 
6.54808e-03 4.02236e+10  -4.02230e+10 0.00000e+00 
6.57332e-03 4.08376e+10  -4.08370e+10 0.00000e+00 
6.59855e-03 4.14589e+10  -4.14583e+10 0.00000e+00 
6.62379e-03 4.20880e+10  -4.20874e+10 0.00000e+00 
6.64902e-03 4.27251e+10  -4.27245e+10 0.00000e+00 
6.67425e-03 4.33697e+10  -4.33691e+10 0.00000e+00 
6.69948e-03 4.40214e+10  -4.40208e+10 0.00000e+00 
6.72470e-03 4.46796e+10  -4.46790e+10 0.00000e+00 
6.74993e-03 4.53442e+10  -4.53435e+10 0.00000e+00 
6.77515e-03 4.60153e+10  -4.60147e+10 0.00000e+00 
6.80038e-03 4.66935e+10  -4.66929e+10 0.00000e+00 
6.82560e-03 4.73796e+10  -4.73790e+10 0.00000e+00 
6.85083e-03 4.80741e+10  -4.80734e+10 0.00000e+00 
6.87605e-03 4.87769e+10  -4.87763e+10 0.00000e+00 
6.90127e-03 4.94879e+10  -4.94872e+10 0.00000e+00 
6.92649e-03 5.02062e+10  -5.02056e+10 0.00000e+00 
6.95170e-03 5.09315e+10  -5.09309e+10 0.00000e+00 
6.97691e-03 5.16636e+10  -5.16629e+10 0.00000e+00 
7.00213e-03 5.24027e+10  -5.24020e+10 0.00000e+00 
7.02735e-03 5.31494e+10  -5.31487e+10 0.00000e+00 
7.05256e-03 5.39045e+10  -5.39038e+10 0.00000e+00 
7.07778e-03 5.46684e+10  -5.46678e+10 0.00000e+00 
7.10299e-03 5.54413e+10  -5.54406e+10 0.00000e+00 
7.12820e-03 5.62226e+10  -5.62219e+10 0.00000e+00 
7.15340e-03 5.70118e+10  -5.70111e+10 0.00000e+00 
7.17861e-03 5.78083e+10  -5.78076e+10 0.00000e+00 
7.20382e-03 5.86121e+10  -5.86114e+10 0.00000e+00 
7.22902e-03 5.94234e+10  -5.94227e+10 0.00000e+00 
7.25423e-03 6.02428e+10  -6.02421e+10 0.00000e+00 
7.27943e-03 6.10713e+10  -6.10705e+10 0.00000e+00 
7.30464e-03 6.19091e+10  -6.19083e+10 0.00000e+00 
7.32984e-03 6.27563e+10  -6.27555e+10 0.00000e+00 
7.35504e-03 6.36124e+10  -6.36117e+10 0.00000e+00 
7.38023e-03 6.44769e+10  -6.44762e+10 0.00000e+00 
7.40543e-03 6.53492e+10  -6.53485e+10 0.00000e+00 
7.43063e-03 6.62291e+10  -6.62284e+10 0.00000e+00 
7.45582e-03 6.71171e+10  -6.71163e+10 0.00000e+00 
7.48102e-03 6.80137e+10  -6.80130e+10 0.00000e+00 
7.50622e-03 6.89198e+10  -6.89191e+10 0.00000e+00 
7.53141e-03 6.98358e+10  -6.98350e+10 0.00000e+00 
7.55660e-03 7.07617e+10  -7.07609e+10 0.00000e+00 
7.58179e-03 7.16970e+10  -7.16962e+10 0.00000e+00 
7.60697e-03 7.26411e+10  -7.26404e+10 0.00000e+00 
7.63216e-03 7.35935e+10  -7.35928e+10 0.00000e+00 
7.65735e-03 7.45541e+10  -7.45533e+10 0.00000e+00 
7.68254e-03 7.55231e+10  -7.55224e+10 0.00000e+00 
7.70773e-03 7.65015e+10  -7.65007e+10 0.00000e+00 
7.73291e-03 7.74898e+10  -7.74890e+10 0.00000e+00 
7.75809e-03 7.84887e+10  -7.84879e+10 0.00000e+00 
7.78327e-03 7.94980e+10  -7.94972e+10 0.00000e+00 
7.80845e-03 8.05172e+10  -8.05164e+10 0.00000e+00 
7.83363e-03 8.15457e+10  -8.15448e+10 0.00000e+00 
7.85881e-03 8.25828e+10  -8.25820e+10 0.00000e+00 
7.88399e-03 8.36286e+10  -8.36277e+10 0.00000e+00 
7.90916e-03 8.46833e+10  -8.46825e+10 0.00000e+00 
7.93434e-03 8.57479e+10  -8.57470e+10 0.00000e+00 
7.95951e-03 8.68231e+10  -8.68222e+10 0.00000e+00 
7.98469e-03 8.79094e+10  -8.79085e+10 0.00000e+00 
8.00986e-03 8.90066e+10  -8.90057e+10 0.00000e+00 
8.03503e-03 9.01142e+10  -9.01134e+10 0.00000e+00 
8.06020e-03 9.12316e+10  -9.12307e+10 0.00000e+00 
8.08536e-03 9.23582e+10  -9.23573e+10 0.00000e+00 
8.11053e-03 9.34939e+10  -9.34930e+10 0.00000e+00 
8.13570e-03 9.46391e+10  -9.46382e+10 0.00000e+00 
8.16087e-03 9.57947e+10  -9.57938e+10 0.00000e+00 
8.18603e-03 9.69616e+10  -9.69607e+10 0.00000e+00 
8.21119e-03 9.81402e+10  -9.81393e+10 0.00000e+00 
8.23636e-03 9.93302e+10  -9.93293e+10 0.00000e+00 
8.26152e-03 1.00531e+11  -1.00530e+11 0.00000e+00 
8.28668e-03 1.01742e+11  -1.01742e+11 0.00000e+00 
8.31184e-03 1.02963e+11  -1.02962e+11 0.00000e+00 
8.33700e-03 1.04194e+11  -1.04193e+11 0.00000e+00 
8.36215e-03 1.05434e+11  -1.05433e+11 0.00000e+00 
8.38731e-03 1.06686e+11  -1.06685e+11 0.00000e+00 
8.41246e-03 1.07949e+11  -1.07948e+11 0.00000e+00 
8.43761e-03 1.09224e+11  -1.09223e+11 0.00000e+00 
8.46277e-03 1.10512e+11  -1.10511e+11 0.00000e+00 
8.48792e-03 1.11811e+11  -1.11810e+11 0.00000e+00 
8.51307e-03 1.13121e+11  -1.13120e+11 0.00000e+00 
8.53822e-03 1.14441e+11  -1.14440e+11 0.00000e+00 
8.56337e-03 1.15771e+11  -1.15770e+11 0.00000e+00 
8.58851e-03 1.17112e+11  -1.17111e+11 0.00000e+00 
8.61366e-03 1.18464e+11  -1.18463e+11 0.00000e+00 
8.63880e-03 1.19829e+11  -1.19828e+11 0.00000e+00 
8.66395e-03 1.21206e+11  -1.21205e+11 0.00000e+00 
8.68909e-03 1.22596e+11  -1.22595e+11 0.00000e+00 
8.71423e-03 1.23999e+11  -1.23998e+11 0.00000e+00 
8.73937e-03 1.25412e+11  -1.25411e+11 0.00000e+00 
8.76451e-03 1.26836e+11  -1.26835e+11 0.00000e+00 
8.78965e-03 1.28271e+11  -1.28270e+11 0.00000e+00 
8.81478e-03 1.29717e+11  -1.29716e+11 0.00000e+00 
8.83992e-03 1.31175e+11  -1.31174e+11 0.00000e+00 
8.86505e-03 1.32646e+11  -1.32645e+11 0.00000e+00 
8.89019e-03 1.34130e+11  -1.34129e+11 0.00000e+00 
8.91532e-03 1.35628e+11  -1.35627e+11 0.00000e+00 
8.94045e-03 1.37139e+11  -1.37138e+11 0.00000e+00 
8.96558e-03 1.38661e+11  -1.38660e+11 0.00000e+00 
8.99071e-03 1.40194e+11  -1.40193e+11 0.00000e+00 
9.01584e-03 1.41739e+11  -1.41738e+11 0.00000e+00 
9.04097e-03 1.43295e+11  -1.43294e+11 0.00000e+00 
9.06609e-03 1.44864e+11  -1.44863e+11 0.00000e+00 
9.09122e-03 1.46447e+11  -1.46446e+11 0.00000e+00 
9.11634e-03 1.48044e+11  -1.48043e+11 0.00000e+00 
9.14147e-03 1.49655e+11  -1.49654e+11 0.00000e+00 
9.16659e-03 1.51278e+11  -1.51277e+11 0.00000e+00 
9.19171e-03 1.52915e+11  -1.52913e+11 0.00000e+00 
9.21683e-03 1.54562e+11  -1.54561e+11 0.00000e+00 
9.24195e-03 1.56222e+11  -1.56221e+11 0.00000e+00 
9.26706e-03 1.57894e+11  -1.57893e+11 0.00000e+00 
9.29218e-03 1.59579e+11  -1.59578e+11 0.00000e+00 
9.31729e-03 1.61279e+11  -1.61278e+11 0.00000e+00 
9.34241e-03 1.62993e+11  -1.62992e+11 0.00000e+00 
9.36752e-03 1.64722e+11  -1.64720e+11 0.00000e+00 
9.39264e-03 1.66464e+11  -1.66463e+11 0.00000e+00 
9.41775e-03 1.68219e+11  -1.68218e+11 0.00000e+00 
9.44286e-03 1.69987e+11  -1.69986e+11 0.00000e+00 
9.46797e-03 1.71767e+11  -1.71766e+11 0.00000e+00 
9.49307e-03 1.73560e+11  -1.73559e+11 0.00000e+00 
9.51818e-03 1.75367e+11  -1.75366e+11 0.00000e+00 
9.54328e-03 1.77189e+11  -1.77188e+11 0.00000e+00 
9.56839e-03 1.79026e+11  -1.79025e+11 0.00000e+00 
9.59350e-03 1.80878e+11  -1.80877e+11 0.00000e+00 
9.61860e-03 1.82745e+11  -1.82743e+11 0.00000e+00 
9.64370e-03 1.84624e+11  -1.84623e+11 0.00000e+00 
9.66880e-03 1.86517e+11  -1.86516e+11 0.00000e+00 
9.69390e-03 1.88423e+11  -1.88422e+11 0.00000e+00 
9.71899e-03 1.90343e+11  -1.90341e+11 0.00000e+00 
9.74409e-03 1.92277e+11  -1.92275e+11 0.00000e+00 
9.76919e-03 1.94226e+11  -1.94225e+11 0.00000e+00 
9.79428e-03 1.96191e+11  -1.96190e+11 0.00000e+00 
9.81938e-03 1.98172e+11  -1.98171e+11 0.00000e+00 
9.84447e-03 2.00168e+11  -2.00167e+11 0.00000e+00 
9.86956e-03 2.02178e+11  -2.02177e+11 0.00000e+00 
9.89465e-03 2.04202e+11  -2.04200e+11 0.00000e+00 
9.91974e-03 2.06239e+11  -2.06238e+11 0.00000e+00 
9.94483e-03 2.08291e+11  -2.08289e+11 0.00000e+00 
9.96991e-03 2.10357e+11  -2.10356e+11 0.00000e+00 
9.99500e-03 2.12440e+11  -2.12438e+11 0.00000e+00 
