3.40414e-05 1.05876e+03  3.97175e-10 0.00000e+00 
6.80828e-05 6.36295e+03  -5.83875e+03 0.00000e+00 
1.02124e-04 1.22558e+04  -1.14461e+04 0.00000e+00 
1.36148e-04 2.41345e+04  -2.32591e+04 0.00000e+00 
1.70165e-04 4.52645e+04  -4.39058e+04 0.00000e+00 
2.04192e-04 7.10005e+04  -6.99995e+04 0.00000e+00 
2.38218e-04 9.91548e+04  -9.74860e+04 0.00000e+00 
2.72245e-04 1.47117e+05  -1.44426e+05 0.00000e+00 
3.06266e-04 2.27687e+05  -2.24114e+05 0.00000e+00 
3.40281e-04 3.36704e+05  -3.33480e+05 0.00000e+00 
3.74292e-04 4.72939e+05  -4.69442e+05 0.00000e+00 
4.08301e-04 6.57793e+05  -6.53200e+05 0.00000e+00 
4.42314e-04 9.08402e+05  -9.02585e+05 0.00000e+00 
4.76325e-04 1.22198e+06  -1.21574e+06 0.00000e+00 
5.10338e-04 1.60107e+06  -1.59394e+06 0.00000e+00 
5.44338e-04 2.06978e+06  -2.06139e+06 0.00000e+00 
5.78332e-04 2.64252e+06  -2.63319e+06 0.00000e+00 
6.12333e-04 3.31364e+06  -3.30379e+06 0.00000e+00 
6.46332e-04 4.08973e+06  -4.07863e+06 0.00000e+00 
6.80329e-04 4.99972e+06  -4.98697e+06 0.00000e+00 
7.14327e-04 6.06143e+06  -6.04748e+06 0.00000e+00 
7.48318e-04 7.27793e+06  -7.26312e+06 0.00000e+00 
7.82303e-04 8.66937e+06  -8.65313e+06 0.00000e+00 
8.16291e-04 1.02711e+07  -1.02530e+07 0.00000e+00 
8.50277e-04 1.20982e+07  -1.20786e+07 0.00000e+00 
8.84260e-04 1.41469e+07  -1.41260e+07 0.00000e+00 
9.18244e-04 1.64299e+07  -1.64075e+07 0.00000e+00 
9.52220e-04 1.89815e+07  -1.89573e+07 0.00000e+00 
9.86190e-04 2.18238e+07  -2.17980e+07 0.00000e+00 
1.02017e-03 2.49625e+07  -2.49353e+07 0.00000e+00 
1.05414e-03 2.84199e+07  -2.83907e+07 0.00000e+00 
1.08812e-03 3.22406e+07  -3.22089e+07 0.00000e+00 
1.12209e-03 3.64590e+07  -3.64249e+07 0.00000e+00 
1.15605e-03 4.10822e+07  -4.10464e+07 0.00000e+00 
1.19001e-03 4.61071e+07  -4.60698e+07 0.00000e+00 
1.22397e-03 5.15392e+07  -5.15005e+07 0.00000e+00 
1.25794e-03 5.74100e+07  -5.73693e+07 0.00000e+00 
1.29190e-03 6.37906e+07  -6.37468e+07 0.00000e+00 
1.32586e-03 7.07625e+07  -7.07152e+07 0.00000e+00 
1.35981e-03 7.83604e+07  -7.83102e+07 0.00000e+00 
1.39376e-03 8.65391e+07  -8.64874e+07 0.00000e+00 
1.42771e-03 9.52316e+07  -9.51791e+07 0.00000e+00 
1.46166e-03 1.04447e+08  -1.04393e+08 0.00000e+00 
1.49561e-03 1.14305e+08  -1.14248e+08 0.00000e+00 
1.52955e-03 1.24962e+08  -1.24900e+08 0.00000e+00 
1.56350e-03 1.36493e+08  -1.36427e+08 0.00000e+00 
1.59744e-03 1.48840e+08  -1.48772e+08 0.00000e+00 
1.63137e-03 1.61891e+08  -1.61822e+08 0.00000e+00 
1.66530e-03 1.75618e+08  -1.75548e+08 0.00000e+00 
1.69924e-03 1.90136e+08  -1.90062e+08 0.00000e+00 
1.73318e-03 2.05627e+08  -2.05548e+08 0.00000e+00 
1.76711e-03 2.22202e+08  -2.22119e+08 0.00000e+00 
1.80104e-03 2.39834e+08  -2.39748e+08 0.00000e+00 
1.83497e-03 2.58419e+08  -2.58331e+08 0.00000e+00 
1.86889e-03 2.77915e+08  -2.77825e+08 0.00000e+00 
1.90281e-03 2.98419e+08  -2.98326e+08 0.00000e+00 
1.93674e-03 3.20097e+08  -3.19999e+08 0.00000e+00 
1.97066e-03 3.43042e+08  -3.42940e+08 0.00000e+00 
2.00457e-03 3.67228e+08  -3.67123e+08 0.00000e+00 
2.03848e-03 3.92592e+08  -3.92485e+08 0.00000e+00 
2.07240e-03 4.19171e+08  -4.19060e+08 0.00000e+00 
2.10631e-03 4.47093e+08  -4.46978e+08 0.00000e+00 
2.14022e-03 4.76472e+08  -4.76352e+08 0.00000e+00 
2.17412e-03 5.07327e+08  -5.07204e+08 0.00000e+00 
2.20802e-03 5.39600e+08  -5.39474e+08 0.00000e+00 
2.24192e-03 5.73247e+08  -5.73118e+08 0.00000e+00 
2.27582e-03 6.08359e+08  -6.08226e+08 0.00000e+00 
2.30972e-03 6.45126e+08  -6.44988e+08 0.00000e+00 
2.34362e-03 6.83686e+08  -6.83543e+08 0.00000e+00 
2.37751e-03 7.24045e+08  -7.23897e+08 0.00000e+00 
2.41139e-03 7.66106e+08  -7.65955e+08 0.00000e+00 
2.44528e-03 8.09802e+08  -8.09649e+08 0.00000e+00 
2.47916e-03 8.55218e+08  -8.55060e+08 0.00000e+00 
2.51305e-03 9.02519e+08  -9.02356e+08 0.00000e+00 
2.54693e-03 9.51843e+08  -9.51676e+08 0.00000e+00 
2.58082e-03 1.00325e+09  -1.00308e+09 0.00000e+00 
2.61469e-03 1.05677e+09  -1.05659e+09 0.00000e+00 
2.64856e-03 1.11239e+09  -1.11221e+09 0.00000e+00 
2.68243e-03 1.17011e+09  -1.16993e+09 0.00000e+00 
2.71630e-03 1.22995e+09  -1.22976e+09 0.00000e+00 
2.75018e-03 1.29190e+09  -1.29170e+09 0.00000e+00 
2.78405e-03 1.35608e+09  -1.35588e+09 0.00000e+00 
2.81792e-03 1.42272e+09  -1.42251e+09 0.00000e+00 
2.85178e-03 1.49203e+09  -1.49182e+09 0.00000e+00 
2.88564e-03 1.56408e+09  -1.56386e+09 0.00000e+00 
2.91950e-03 1.63864e+09  -1.63842e+09 0.00000e+00 
2.95336e-03 1.71543e+09  -1.71521e+09 0.00000e+00 
2.98722e-03 1.79448e+09  -1.79425e+09 0.00000e+00 
3.02108e-03 1.87617e+09  -1.87593e+09 0.00000e+00 
3.05493e-03 1.96100e+09  -1.96076e+09 0.00000e+00 
3.08878e-03 2.04919e+09  -2.04895e+09 0.00000e+00 
3.12263e-03 2.14048e+09  -2.14023e+09 0.00000e+00 
3.15648e-03 2.23436e+09  -2.23411e+09 0.00000e+00 
3.19032e-03 2.33069e+09  -2.33043e+09 0.00000e+00 
3.22416e-03 2.42984e+09  -2.42958e+09 0.00000e+00 
3.25800e-03 2.53243e+09  -2.53216e+09 0.00000e+00 
3.29184e-03 2.63881e+09  -2.63853e+09 0.00000e+00 
3.32568e-03 2.74876e+09  -2.74848e+09 0.00000e+00 
3.35952e-03 2.86180e+09  -2.86151e+09 0.00000e+00 
3.39335e-03 2.97775e+09  -2.97746e+09 0.00000e+00 
3.42718e-03 3.09694e+09  -3.09665e+09 0.00000e+00 
3.46101e-03 3.21992e+09  -3.21962e+09 0.00000e+00 
3.49483e-03 3.34693e+09  -3.34661e+09 0.00000e+00 
3.52866e-03 3.47773e+09  -3.47741e+09 0.00000e+00 
3.56249e-03 3.61197e+09  -3.61164e+09 0.00000e+00 
3.59631e-03 3.74967e+09  -3.74934e+09 0.00000e+00 
3.63013e-03 3.89131e+09  -3.89097e+09 0.00000e+00 
3.66394e-03 4.03733e+09  -4.03699e+09 0.00000e+00 
3.69775e-03 4.18774e+09  -4.18739e+09 0.00000e+00 
3.73156e-03 4.34214e+09  -4.34179e+09 0.00000e+00 
3.76538e-03 4.50015e+09  -4.49980e+09 0.00000e+00 
3.79919e-03 4.66197e+09  -4.66161e+09 0.00000e+00 
3.83299e-03 4.82828e+09  -4.82791e+09 0.00000e+00 
3.86680e-03 4.99963e+09  -4.99925e+09 0.00000e+00 
3.90060e-03 5.17597e+09  -5.17558e+09 0.00000e+00 
3.93439e-03 5.35677e+09  -5.35638e+09 0.00000e+00 
3.96819e-03 5.54159e+09  -5.54119e+09 0.00000e+00 
4.00199e-03 5.73052e+09  -5.73012e+09 0.00000e+00 
4.03578e-03 5.92424e+09  -5.92383e+09 0.00000e+00 
4.06957e-03 6.12332e+09  -6.12290e+09 0.00000e+00 
4.10336e-03 6.32782e+09  -6.32740e+09 0.00000e+00 
4.13714e-03 6.53749e+09  -6.53706e+09 0.00000e+00 
4.17093e-03 6.75205e+09  -6.75161e+09 0.00000e+00 
4.20471e-03 6.97144e+09  -6.97100e+09 0.00000e+00 
4.23849e-03 7.19593e+09  -7.19548e+09 0.00000e+00 
4.27227e-03 7.42568e+09  -7.42523e+09 0.00000e+00 
4.30605e-03 7.66084e+09  -7.66037e+09 0.00000e+00 
4.33982e-03 7.90164e+09  -7.90117e+09 0.00000e+00 
4.37360e-03 8.14834e+09  -8.14786e+09 0.00000e+00 
4.40737e-03 8.40112e+09  -8.40063e+09 0.00000e+00 
4.44114e-03 8.65978e+09  -8.65929e+09 0.00000e+00 
4.47491e-03 8.92381e+09  -8.92330e+09 0.00000e+00 
4.50867e-03 9.19299e+09  -9.19249e+09 0.00000e+00 
4.54243e-03 9.46783e+09  -9.46731e+09 0.00000e+00 
4.57619e-03 9.74919e+09  -9.74867e+09 0.00000e+00 
4.60995e-03 1.00378e+10  -1.00373e+10 0.00000e+00 
4.64371e-03 1.03335e+10  -1.03329e+10 0.00000e+00 
4.67747e-03 1.06350e+10  -1.06345e+10 0.00000e+00 
4.71121e-03 1.09419e+10  -1.09413e+10 0.00000e+00 
4.74496e-03 1.12544e+10  -1.12539e+10 0.00000e+00 
4.77871e-03 1.15738e+10  -1.15732e+10 0.00000e+00 
4.81246e-03 1.19011e+10  -1.19005e+10 0.00000e+00 
4.84621e-03 1.22361e+10  -1.22355e+10 0.00000e+00 
4.87995e-03 1.25779e+10  -1.25773e+10 0.00000e+00 
4.91369e-03 1.29256e+10  -1.29250e+10 0.00000e+00 
4.94742e-03 1.32797e+10  -1.32791e+10 0.00000e+00 
4.98116e-03 1.36412e+10  -1.36406e+10 0.00000e+00 
5.01490e-03 1.40110e+10  -1.40103e+10 0.00000e+00 
5.04863e-03 1.43886e+10  -1.43880e+10 0.00000e+00 
5.08237e-03 1.47733e+10  -1.47727e+10 0.00000e+00 
5.11610e-03 1.51646e+10  -1.51640e+10 0.00000e+00 
5.14983e-03 1.55632e+10  -1.55626e+10 0.00000e+00 
5.18355e-03 1.59704e+10  -1.59697e+10 0.00000e+00 
5.21728e-03 1.63866e+10  -1.63859e+10 0.00000e+00 
5.25100e-03 1.68109e+10  -1.68102e+10 0.00000e+00 
5.28472e-03 1.72422e+10  -1.72415e+10 0.00000e+00 
5.31844e-03 1.76803e+10  -1.76796e+10 0.00000e+00 
5.35216e-03 1.81263e+10  -1.81256e+10 0.00000e+00 
5.38587e-03 1.85821e+10  -1.85814e+10 0.00000e+00 
5.41959e-03 1.90479e+10  -1.90472e+10 0.00000e+00 
5.45330e-03 1.95227e+10  -1.95219e+10 0.00000e+00 
5.48700e-03 2.00048e+10  -2.00041e+10 0.00000e+00 
5.52070e-03 2.04940e+10  -2.04932e+10 0.00000e+00 
5.55440e-03 2.09913e+10  -2.09906e+10 0.00000e+00 
5.58810e-03 2.14987e+10  -2.14980e+10 0.00000e+00 
5.62181e-03 2.20168e+10  -2.20160e+10 0.00000e+00 
5.65551e-03 2.25448e+10  -2.25440e+10 0.00000e+00 
5.68920e-03 2.30815e+10  -2.30807e+10 0.00000e+00 
5.72289e-03 2.36262e+10  -2.36254e+10 0.00000e+00 
5.75658e-03 2.41799e+10  -2.41791e+10 0.00000e+00 
5.79026e-03 2.47435e+10  -2.47427e+10 0.00000e+00 
5.82395e-03 2.53174e+10  -2.53165e+10 0.00000e+00 
5.85764e-03 2.59013e+10  -2.59005e+10 0.00000e+00 
5.89132e-03 2.64951e+10  -2.64943e+10 0.00000e+00 
5.92501e-03 2.70990e+10  -2.70981e+10 0.00000e+00 
5.95868e-03 2.77133e+10  -2.77124e+10 0.00000e+00 
5.99235e-03 2.83380e+10  -2.83371e+10 0.00000e+00 
6.02603e-03 2.89724e+10  -2.89715e+10 0.00000e+00 
6.05970e-03 2.96162e+10  -2.96153e+10 0.00000e+00 
6.09337e-03 3.02702e+10  -3.02693e+10 0.00000e+00 
6.12704e-03 3.09359e+10  -3.09350e+10 0.00000e+00 
6.16071e-03 3.16142e+10  -3.16133e+10 0.00000e+00 
6.19437e-03 3.23041e+10  -3.23032e+10 0.00000e+00 
6.22803e-03 3.30039e+10  -3.30030e+10 0.00000e+00 
6.26169e-03 3.37129e+10  -3.37120e+10 0.00000e+00 
6.29535e-03 3.44320e+10  -3.44310e+10 0.00000e+00 
6.32901e-03 3.51633e+10  -3.51624e+10 0.00000e+00 
6.36266e-03 3.59084e+10  -3.59074e+10 0.00000e+00 
6.39631e-03 3.66663e+10  -3.66653e+10 0.00000e+00 
6.42996e-03 3.74349e+10  -3.74339e+10 0.00000e+00 
6.46360e-03 3.82134e+10  -3.82124e+10 0.00000e+00 
6.49725e-03 3.90030e+10  -3.90020e+10 0.00000e+00 
6.53090e-03 3.98055e+10  -3.98045e+10 0.00000e+00 
6.56454e-03 4.06221e+10  -4.06211e+10 0.00000e+00 
6.59819e-03 4.14516e+10  -4.14505e+10 0.00000e+00 
6.63182e-03 4.22921e+10  -4.22911e+10 0.00000e+00 
6.66546e-03 4.31437e+10  -4.31426e+10 0.00000e+00 
6.69910e-03 4.40078e+10  -4.40067e+10 0.00000e+00 
6.73274e-03 4.48866e+10  -4.48855e+10 0.00000e+00 
6.76637e-03 4.57800e+10  -4.57789e+10 0.00000e+00 
6.80000e-03 4.66860e+10  -4.66848e+10 0.00000e+00 
6.83363e-03 4.76027e+10  -4.76016e+10 0.00000e+00 
6.86725e-03 4.85305e+10  -4.85294e+10 0.00000e+00 
6.90088e-03 4.94722e+10  -4.94710e+10 0.00000e+00 
6.93450e-03 5.04306e+10  -5.04294e+10 0.00000e+00 
6.96813e-03 5.14051e+10  -5.14039e+10 0.00000e+00 
7.00174e-03 5.23929e+10  -5.23917e+10 0.00000e+00 
7.03535e-03 5.33917e+10  -5.33905e+10 0.00000e+00 
7.06896e-03 5.44014e+10  -5.44002e+10 0.00000e+00 
7.10257e-03 5.54252e+10  -5.54240e+10 0.00000e+00 
7.13618e-03 5.64663e+10  -5.64651e+10 0.00000e+00 
7.16979e-03 5.75247e+10  -5.75234e+10 0.00000e+00 
7.20340e-03 5.85978e+10  -5.85966e+10 0.00000e+00 
7.23699e-03 5.96835e+10  -5.96822e+10 0.00000e+00 
7.27059e-03 6.07812e+10  -6.07800e+10 0.00000e+00 
7.30418e-03 6.18936e+10  -6.18923e+10 0.00000e+00 
7.33778e-03 6.30227e+10  -6.30214e+10 0.00000e+00 
7.37138e-03 6.41684e+10  -6.41671e+10 0.00000e+00 
7.40498e-03 6.53296e+10  -6.53283e+10 0.00000e+00 
7.43857e-03 6.65054e+10  -6.65040e+10 0.00000e+00 
7.47215e-03 6.76961e+10  -6.76948e+10 0.00000e+00 
7.50574e-03 6.89034e+10  -6.89020e+10 0.00000e+00 
7.53932e-03 7.01271e+10  -7.01258e+10 0.00000e+00 
7.57291e-03 7.13661e+10  -7.13647e+10 0.00000e+00 
7.60649e-03 7.26196e+10  -7.26182e+10 0.00000e+00 
7.64007e-03 7.38883e+10  -7.38869e+10 0.00000e+00 
7.67365e-03 7.51746e+10  -7.51732e+10 0.00000e+00 
7.70722e-03 7.64804e+10  -7.64790e+10 0.00000e+00 
7.74079e-03 7.78042e+10  -7.78027e+10 0.00000e+00 
7.77436e-03 7.91428e+10  -7.91413e+10 0.00000e+00 
7.80793e-03 8.04950e+10  -8.04936e+10 0.00000e+00 
7.84150e-03 8.18624e+10  -8.18610e+10 0.00000e+00 
7.87506e-03 8.32487e+10  -8.32472e+10 0.00000e+00 
7.90862e-03 8.46562e+10  -8.46547e+10 0.00000e+00 
7.94219e-03 8.60831e+10  -8.60816e+10 0.00000e+00 
7.97574e-03 8.75259e+10  -8.75244e+10 0.00000e+00 
8.00930e-03 8.89831e+10  -8.89816e+10 0.00000e+00 
8.04286e-03 9.04562e+10  -9.04547e+10 0.00000e+00 
8.07641e-03 9.19489e+10  -9.19473e+10 0.00000e+00 
8.10996e-03 9.34631e+10  -9.34615e+10 0.00000e+00 
8.14351e-03 9.49966e+10  -9.49951e+10 0.00000e+00 
8.17706e-03 9.65466e+10  -9.65450e+10 0.00000e+00 
8.21061e-03 9.81124e+10  -9.81108e+10 0.00000e+00 
8.24416e-03 9.96963e+10  -9.96947e+10 0.00000e+00 
8.27770e-03 1.01302e+11  -1.01301e+11 0.00000e+00 
8.31124e-03 1.02930e+11  -1.02929e+11 0.00000e+00 
8.34478e-03 1.04577e+11  -1.04575e+11 0.00000e+00 
8.37831e-03 1.06239e+11  -1.06237e+11 0.00000e+00 
8.41185e-03 1.07916e+11  -1.07915e+11 0.00000e+00 
8.44539e-03 1.09615e+11  -1.09613e+11 0.00000e+00 
8.47892e-03 1.11337e+11  -1.11336e+11 0.00000e+00 
8.51245e-03 1.13084e+11  -1.13083e+11 0.00000e+00 
8.54597e-03 1.14850e+11  -1.14848e+11 0.00000e+00 
8.57949e-03 1.16631e+11  -1.16630e+11 0.00000e+00 
8.61301e-03 1.18427e+11  -1.18426e+11 0.00000e+00 
8.64653e-03 1.20244e+11  -1.20242e+11 0.00000e+00 
8.68005e-03 1.22087e+11  -1.22086e+11 0.00000e+00 
8.71357e-03 1.23956e+11  -1.23954e+11 0.00000e+00 
8.74708e-03 1.25846e+11  -1.25844e+11 0.00000e+00 
8.78058e-03 1.27752e+11  -1.27751e+11 0.00000e+00 
8.81410e-03 1.29675e+11  -1.29674e+11 0.00000e+00 
8.84760e-03 1.31619e+11  -1.31617e+11 0.00000e+00 
8.88111e-03 1.33588e+11  -1.33586e+11 0.00000e+00 
8.91462e-03 1.35582e+11  -1.35580e+11 0.00000e+00 
8.94812e-03 1.37598e+11  -1.37596e+11 0.00000e+00 
8.98161e-03 1.39633e+11  -1.39631e+11 0.00000e+00 
9.01511e-03 1.41688e+11  -1.41686e+11 0.00000e+00 
9.04861e-03 1.43767e+11  -1.43765e+11 0.00000e+00 
9.08210e-03 1.45871e+11  -1.45869e+11 0.00000e+00 
9.11560e-03 1.47997e+11  -1.47995e+11 0.00000e+00 
9.14909e-03 1.50143e+11  -1.50141e+11 0.00000e+00 
9.18258e-03 1.52310e+11  -1.52308e+11 0.00000e+00 
9.21607e-03 1.54501e+11  -1.54499e+11 0.00000e+00 
9.24955e-03 1.56719e+11  -1.56717e+11 0.00000e+00 
9.28304e-03 1.58964e+11  -1.58962e+11 0.00000e+00 
9.31652e-03 1.61230e+11  -1.61228e+11 0.00000e+00 
9.34999e-03 1.63515e+11  -1.63513e+11 0.00000e+00 
9.38346e-03 1.65819e+11  -1.65817e+11 0.00000e+00 
9.41694e-03 1.68149e+11  -1.68147e+11 0.00000e+00 
9.45041e-03 1.70509e+11  -1.70507e+11 0.00000e+00 
9.48388e-03 1.72899e+11  -1.72897e+11 0.00000e+00 
9.51735e-03 1.75310e+11  -1.75308e+11 0.00000e+00 
9.55081e-03 1.77741e+11  -1.77738e+11 0.00000e+00 
9.58428e-03 1.80192e+11  -1.80190e+11 0.00000e+00 
9.61774e-03 1.82669e+11  -1.82667e+11 0.00000e+00 
9.65120e-03 1.85178e+11  -1.85176e+11 0.00000e+00 
9.68466e-03 1.87715e+11  -1.87713e+11 0.00000e+00 
9.71812e-03 1.90275e+11  -1.90273e+11 0.00000e+00 
9.75158e-03 1.92856e+11  -1.92853e+11 0.00000e+00 
9.78504e-03 1.95459e+11  -1.95457e+11 0.00000e+00 
9.81848e-03 1.98092e+11  -1.98090e+11 0.00000e+00 
9.85193e-03 2.00757e+11  -2.00755e+11 0.00000e+00 
9.88538e-03 2.03450e+11  -2.03447e+11 0.00000e+00 
9.91883e-03 2.06163e+11  -2.06161e+11 0.00000e+00 
9.95227e-03 2.08897e+11  -2.08895e+11 0.00000e+00 
9.98572e-03 2.11657e+11  -2.11654e+11 0.00000e+00 
