
p1:
Element1
0000 0000 0000 
0000 0000 0000 
0000 0000 0000 


p1:
Element1
0000 0000 0000 
0000 0000 0000 
0000 0000 0000 


p1:
Element1
7.6989e+06 0000 0000 
0000 7.6989e+06 0000 
0000 0000 7.6989e+06 


p1:
Element1
-7.6343e+05 0000 0000 
0000 -7.6343e+05 0000 
0000 0000 -7.6343e+05 


p1:
Element1
-2.1953e+06 0000 0000 
0000 -2.1953e+06 0000 
0000 0000 -2.1953e+06 


p1:
Element1
6.0265e+06 0000 0000 
0000 6.0265e+06 0000 
0000 0000 6.0265e+06 


p1:
Element1
8.8437e+06 0000 0000 
0000 8.8437e+06 0000 
0000 0000 8.8437e+06 


p1:
Element1
1.0686e+06 0000 0000 
0000 1.0686e+06 0000 
0000 0000 1.0686e+06 


p1:
Element1
-3.0381e+06 0000 0000 
0000 -3.0381e+06 0000 
0000 0000 -3.0381e+06 


p1:
Element1
4.0668e+06 0000 0000 
0000 4.0668e+06 0000 
0000 0000 4.0668e+06 


p1:
Element1
9.3380e+06 0000 0000 
0000 9.3380e+06 0000 
0000 0000 9.3380e+06 


p1:
Element1
3.0717e+06 0000 0000 
0000 3.0717e+06 0000 
0000 0000 3.0717e+06 


p1:
Element1
-3.2199e+06 0000 0000 
0000 -3.2199e+06 0000 
0000 0000 -3.2199e+06 


p1:
Element1
2.0495e+06 0000 0000 
0000 2.0495e+06 0000 
0000 0000 2.0495e+06 


p1:
Element1
9.1795e+06 0000 0000 
0000 9.1795e+06 0000 
0000 0000 9.1795e+06 


p1:
Element1
5.0254e+06 0000 0000 
0000 5.0254e+06 0000 
0000 0000 5.0254e+06 


p1:
Element1
-2.7741e+06 0000 0000 
0000 -2.7741e+06 0000 
0000 0000 -2.7741e+06 


p1:
Element1
1.7968e+05 0000 0000 
0000 1.7968e+05 0000 
0000 0000 1.7968e+05 


p1:
Element1
8.4348e+06 0000 0000 
0000 8.4348e+06 0000 
0000 0000 8.4348e+06 


p1:
Element1
6.7429e+06 0000 0000 
0000 6.7429e+06 0000 
0000 0000 6.7429e+06 


p1:
Element1
-1.7939e+06 0000 0000 
0000 -1.7939e+06 0000 
0000 0000 -1.7939e+06 


p1:
Element1
-1.3790e+06 0000 0000 
0000 -1.3790e+06 0000 
0000 0000 -1.3790e+06 


p1:
Element1
7.2202e+06 0000 0000 
0000 7.2202e+06 0000 
0000 0000 7.2202e+06 


p1:
Element1
8.0849e+06 0000 0000 
0000 8.0849e+06 0000 
0000 0000 8.0849e+06 


p1:
Element1
-4.1243e+05 0000 0000 
0000 -4.1243e+05 0000 
0000 0000 -4.1243e+05 


p1:
Element1
-2.5141e+06 0000 0000 
0000 -2.5141e+06 0000 
0000 0000 -2.5141e+06 


p1:
Element1
5.6809e+06 0000 0000 
0000 5.6809e+06 0000 
0000 0000 5.6809e+06 


p1:
Element1
8.9661e+06 0000 0000 
0000 8.9661e+06 0000 
0000 0000 8.9661e+06 


p1:
Element1
1.2177e+06 0000 0000 
0000 1.2177e+06 0000 
0000 0000 1.2177e+06 


p1:
Element1
-3.1668e+06 0000 0000 
0000 -3.1668e+06 0000 
0000 0000 -3.1668e+06 


p1:
Element1
3.9716e+06 0000 0000 
0000 3.9716e+06 0000 
0000 0000 3.9716e+06 


p1:
Element1
9.3543e+06 0000 0000 
0000 9.3543e+06 0000 
0000 0000 9.3543e+06 


p1:
Element1
2.9431e+06 0000 0000 
0000 2.9431e+06 0000 
0000 0000 2.9431e+06 


p1:
Element1
-3.3286e+06 0000 0000 
0000 -3.3286e+06 0000 
0000 0000 -3.3286e+06 


p1:
Element1
2.2397e+06 0000 0000 
0000 2.2397e+06 0000 
0000 0000 2.2397e+06 


p1:
Element1
9.2635e+06 0000 0000 
0000 9.2635e+06 0000 
0000 0000 9.2635e+06 


p1:
Element1
4.6240e+06 0000 0000 
0000 4.6240e+06 0000 
0000 0000 4.6240e+06 


p1:
Element1
-3.0323e+06 0000 0000 
0000 -3.0323e+06 0000 
0000 0000 -3.0323e+06 


p1:
Element1
6.1317e+05 0000 0000 
0000 6.1317e+05 0000 
0000 0000 6.1317e+05 


p1:
Element1
8.7444e+06 0000 0000 
0000 8.7444e+06 0000 
0000 0000 8.7444e+06 


p1:
Element1
6.1448e+06 0000 0000 
0000 6.1448e+06 0000 
0000 0000 6.1448e+06 


p1:
Element1
-2.3422e+06 0000 0000 
0000 -2.3422e+06 0000 
0000 0000 -2.3422e+06 


p1:
Element1
-8.0706e+05 0000 0000 
0000 -8.0706e+05 0000 
0000 0000 -8.0706e+05 


p1:
Element1
7.8726e+06 0000 0000 
0000 7.8726e+06 0000 
0000 0000 7.8726e+06 


p1:
Element1
7.4192e+06 0000 0000 
0000 7.4192e+06 0000 
0000 0000 7.4192e+06 


p1:
Element1
-1.3419e+06 0000 0000 
0000 -1.3419e+06 0000 
0000 0000 -1.3419e+06 


p1:
Element1
-1.9505e+06 0000 0000 
0000 -1.9505e+06 0000 
0000 0000 -1.9505e+06 


p1:
Element1
6.7379e+06 0000 0000 
0000 6.7379e+06 0000 
0000 0000 6.7379e+06 


p1:
Element1
8.3921e+06 0000 0000 
0000 8.3921e+06 0000 
0000 0000 8.3921e+06 


p1:
Element1
-1.2460e+05 0000 0000 
0000 -1.2460e+05 0000 
0000 0000 -1.2460e+05 


p1:
Element1
-2.7770e+06 0000 0000 
0000 -2.7770e+06 0000 
0000 0000 -2.7770e+06 


p1:
Element1
5.4340e+06 0000 0000 
0000 5.4340e+06 0000 
0000 0000 5.4340e+06 


p1:
Element1
9.0380e+06 0000 0000 
0000 9.0380e+06 0000 
0000 0000 9.0380e+06 


p1:
Element1
1.2170e+06 0000 0000 
0000 1.2170e+06 0000 
0000 0000 1.2170e+06 


p1:
Element1
-3.2739e+06 0000 0000 
0000 -3.2739e+06 0000 
0000 0000 -3.2739e+06 


p1:
Element1
4.0505e+06 0000 0000 
0000 4.0505e+06 0000 
0000 0000 4.0505e+06 


p1:
Element1
9.3566e+06 0000 0000 
0000 9.3566e+06 0000 
0000 0000 9.3566e+06 


p1:
Element1
2.5974e+06 0000 0000 
0000 2.5974e+06 0000 
0000 0000 2.5974e+06 


p1:
Element1
-3.4516e+06 0000 0000 
0000 -3.4516e+06 0000 
0000 0000 -3.4516e+06 


p1:
Element1
2.6670e+06 0000 0000 
0000 2.6670e+06 0000 
0000 0000 2.6670e+06 


p1:
Element1
9.3683e+06 0000 0000 
0000 9.3683e+06 0000 
0000 0000 9.3683e+06 


p1:
Element1
3.9428e+06 0000 0000 
0000 3.9428e+06 0000 
0000 0000 3.9428e+06 


p1:
Element1
-3.3381e+06 0000 0000 
0000 -3.3381e+06 0000 
0000 0000 -3.3381e+06 


p1:
Element1
1.3495e+06 0000 0000 
0000 1.3495e+06 0000 
0000 0000 1.3495e+06 


p1:
Element1
9.1082e+06 0000 0000 
0000 9.1082e+06 0000 
0000 0000 9.1082e+06 


p1:
Element1
5.1946e+06 0000 0000 
0000 5.1946e+06 0000 
0000 0000 5.1946e+06 


p1:
Element1
-2.9735e+06 0000 0000 
0000 -2.9735e+06 0000 
0000 0000 -2.9735e+06 


p1:
Element1
1.4885e+05 0000 0000 
0000 1.4885e+05 0000 
0000 0000 1.4885e+05 


p1:
Element1
8.6204e+06 0000 0000 
0000 8.6204e+06 0000 
0000 0000 8.6204e+06 


p1:
Element1
6.3097e+06 0000 0000 
0000 6.3097e+06 0000 
0000 0000 6.3097e+06 


p1:
Element1
-2.4048e+06 0000 0000 
0000 -2.4048e+06 0000 
0000 0000 -2.4048e+06 


p1:
Element1
-9.0003e+05 0000 0000 
0000 -9.0003e+05 0000 
0000 0000 -9.0003e+05 


p1:
Element1
7.9539e+06 0000 0000 
0000 7.9539e+06 0000 
0000 0000 7.9539e+06 


p1:
Element1
7.2606e+06 0000 0000 
0000 7.2606e+06 0000 
0000 0000 7.2606e+06 


p1:
Element1
-1.6812e+06 0000 0000 
0000 -1.6812e+06 0000 
0000 0000 -1.6812e+06 


p1:
Element1
0000 0000 0000 
0000 0000 0000 
0000 0000 0000 


p1:
Element1
0000 0000 0000 
0000 0000 0000 
0000 0000 0000 


p1:
Element1
7.6989e+06 0000 0000 
0000 7.6989e+06 0000 
0000 0000 7.6989e+06 


p1:
Element1
-5.5250e+06 0000 0000 
0000 -5.5250e+06 0000 
0000 0000 -5.5250e+06 


p1:
Element1
5.8704e+06 0000 0000 
0000 5.8704e+06 0000 
0000 0000 5.8704e+06 


p1:
Element1
9.2686e+06 0000 0000 
0000 9.2686e+06 0000 
0000 0000 9.2686e+06 


p1:
Element1
-5.1018e+06 0000 0000 
0000 -5.1018e+06 0000 
0000 0000 -5.1018e+06 


p1:
Element1
3.9699e+06 0000 0000 
0000 3.9699e+06 0000 
0000 0000 3.9699e+06 


p1:
Element1
1.0457e+07 0000 0000 
0000 1.0457e+07 0000 
0000 0000 1.0457e+07 


p1:
Element1
-4.2977e+06 0000 0000 
0000 -4.2977e+06 0000 
0000 0000 -4.2977e+06 


p1:
Element1
2.1112e+06 0000 0000 
0000 2.1112e+06 0000 
0000 0000 2.1112e+06 


p1:
Element1
1.1253e+07 0000 0000 
0000 1.1253e+07 0000 
0000 0000 1.1253e+07 


p1:
Element1
-3.2061e+06 0000 0000 
0000 -3.2061e+06 0000 
0000 0000 -3.2061e+06 


p1:
Element1
3.7877e+05 0000 0000 
0000 3.7877e+05 0000 
0000 0000 3.7877e+05 


p1:
Element1
1.1676e+07 0000 0000 
0000 1.1676e+07 0000 
0000 0000 1.1676e+07 


p1:
Element1
-1.9207e+06 0000 0000 
0000 -1.9207e+06 0000 
0000 0000 -1.9207e+06 


p1:
Element1
-1.1678e+06 0000 0000 
0000 -1.1678e+06 0000 
0000 0000 -1.1678e+06 


p1:
Element1
1.1764e+07 0000 0000 
0000 1.1764e+07 0000 
0000 0000 1.1764e+07 


p1:
Element1
-5.2760e+05 0000 0000 
0000 -5.2760e+05 0000 
0000 0000 -5.2760e+05 


p1:
Element1
-2.4929e+06 0000 0000 
0000 -2.4929e+06 0000 
0000 0000 -2.4929e+06 


p1:
Element1
1.1567e+07 0000 0000 
0000 1.1567e+07 0000 
0000 0000 1.1567e+07 


p1:
Element1
8.9825e+05 0000 0000 
0000 8.9825e+05 0000 
0000 0000 8.9825e+05 


p1:
Element1
-3.5813e+06 0000 0000 
0000 -3.5813e+06 0000 
0000 0000 -3.5813e+06 


p1:
Element1
1.1142e+07 0000 0000 
0000 1.1142e+07 0000 
0000 0000 1.1142e+07 


p1:
Element1
2.2962e+06 0000 0000 
0000 2.2962e+06 0000 
0000 0000 2.2962e+06 


p1:
Element1
-4.4348e+06 0000 0000 
0000 -4.4348e+06 0000 
0000 0000 -4.4348e+06 


p1:
Element1
1.0546e+07 0000 0000 
0000 1.0546e+07 0000 
0000 0000 1.0546e+07 


p1:
Element1
3.6202e+06 0000 0000 
0000 3.6202e+06 0000 
0000 0000 3.6202e+06 


p1:
Element1
-5.0677e+06 0000 0000 
0000 -5.0677e+06 0000 
0000 0000 -5.0677e+06 


p1:
Element1
9.8332e+06 0000 0000 
0000 9.8332e+06 0000 
0000 0000 9.8332e+06 


p1:
Element1
4.8385e+06 0000 0000 
0000 4.8385e+06 0000 
0000 0000 4.8385e+06 


p1:
Element1
-5.5033e+06 0000 0000 
0000 -5.5033e+06 0000 
0000 0000 -5.5033e+06 


p1:
Element1
9.0523e+06 0000 0000 
0000 9.0523e+06 0000 
0000 0000 9.0523e+06 


p1:
Element1
5.9314e+06 0000 0000 
0000 5.9314e+06 0000 
0000 0000 5.9314e+06 


p1:
Element1
-5.7702e+06 0000 0000 
0000 -5.7702e+06 0000 
0000 0000 -5.7702e+06 


p1:
Element1
8.2454e+06 0000 0000 
0000 8.2454e+06 0000 
0000 0000 8.2454e+06 


p1:
Element1
6.8901e+06 0000 0000 
0000 6.8901e+06 0000 
0000 0000 6.8901e+06 


p1:
Element1
-5.8995e+06 0000 0000 
0000 -5.8995e+06 0000 
0000 0000 -5.8995e+06 


p1:
Element1
7.4472e+06 0000 0000 
0000 7.4472e+06 0000 
0000 0000 7.4472e+06 


p1:
Element1
7.7136e+06 0000 0000 
0000 7.7136e+06 0000 
0000 0000 7.7136e+06 


p1:
Element1
-5.9225e+06 0000 0000 
0000 -5.9225e+06 0000 
0000 0000 -5.9225e+06 


p1:
Element1
6.6853e+06 0000 0000 
0000 6.6853e+06 0000 
0000 0000 6.6853e+06 


p1:
Element1
8.4070e+06 0000 0000 
0000 8.4070e+06 0000 
0000 0000 8.4070e+06 


p1:
Element1
-5.8692e+06 0000 0000 
0000 -5.8692e+06 0000 
0000 0000 -5.8692e+06 


p1:
Element1
5.9810e+06 0000 0000 
0000 5.9810e+06 0000 
0000 0000 5.9810e+06 


p1:
Element1
8.9795e+06 0000 0000 
0000 8.9795e+06 0000 
0000 0000 8.9795e+06 


p1:
Element1
-5.7668e+06 0000 0000 
0000 -5.7668e+06 0000 
0000 0000 -5.7668e+06 


p1:
Element1
5.3498e+06 0000 0000 
0000 5.3498e+06 0000 
0000 0000 5.3498e+06 


p1:
Element1
9.4422e+06 0000 0000 
0000 9.4422e+06 0000 
0000 0000 9.4422e+06 


p1:
Element1
-5.6394e+06 0000 0000 
0000 -5.6394e+06 0000 
0000 0000 -5.6394e+06 


p1:
Element1
4.8029e+06 0000 0000 
0000 4.8029e+06 0000 
0000 0000 4.8029e+06 


p1:
Element1
9.8071e+06 0000 0000 
0000 9.8071e+06 0000 
0000 0000 9.8071e+06 


p1:
Element1
-5.5078e+06 0000 0000 
0000 -5.5078e+06 0000 
0000 0000 -5.5078e+06 


p1:
Element1
4.3477e+06 0000 0000 
0000 4.3477e+06 0000 
0000 0000 4.3477e+06 


p1:
Element1
1.0086e+07 0000 0000 
0000 1.0086e+07 0000 
0000 0000 1.0086e+07 


p1:
Element1
-5.3887e+06 0000 0000 
0000 -5.3887e+06 0000 
0000 0000 -5.3887e+06 


p1:
Element1
3.9893e+06 0000 0000 
0000 3.9893e+06 0000 
0000 0000 3.9893e+06 


p1:
Element1
1.0289e+07 0000 0000 
0000 1.0289e+07 0000 
0000 0000 1.0289e+07 


p1:
Element1
-5.2956e+06 0000 0000 
0000 -5.2956e+06 0000 
0000 0000 -5.2956e+06 


p1:
Element1
3.7307e+06 0000 0000 
0000 3.7307e+06 0000 
0000 0000 3.7307e+06 


p1:
Element1
1.0424e+07 0000 0000 
0000 1.0424e+07 0000 
0000 0000 1.0424e+07 


p1:
Element1
0000 0000 0000 
0000 0000 0000 
0000 0000 0000 

