2.72331e-05 1.62551e+02  2.13436e-09 0.00000e+00 
5.44663e-05 2.24436e+03  -1.76467e+03 0.00000e+00 
8.16994e-05 9.81516e+03  -8.92421e+03 0.00000e+00 
1.08932e-04 2.72743e+04  -2.59533e+04 0.00000e+00 
1.36165e-04 5.88341e+04  -5.71255e+04 0.00000e+00 
1.63397e-04 1.07729e+05  -1.05708e+05 0.00000e+00 
1.90629e-04 1.75870e+05  -1.73613e+05 0.00000e+00 
2.17860e-04 2.64027e+05  -2.61579e+05 0.00000e+00 
2.45089e-04 3.72466e+05  -3.69824e+05 0.00000e+00 
2.72317e-04 5.01858e+05  -4.98964e+05 0.00000e+00 
2.99544e-04 6.54216e+05  -6.50973e+05 0.00000e+00 
3.26769e-04 8.33634e+05  -8.29923e+05 0.00000e+00 
3.53992e-04 1.04666e+06  -1.04236e+06 0.00000e+00 
3.81214e-04 1.30228e+06  -1.29729e+06 0.00000e+00 
4.08434e-04 1.61150e+06  -1.60575e+06 0.00000e+00 
4.35653e-04 1.98687e+06  -1.98030e+06 0.00000e+00 
4.62870e-04 2.44184e+06  -2.43442e+06 0.00000e+00 
4.90086e-04 2.99043e+06  -2.98210e+06 0.00000e+00 
5.17301e-04 3.64696e+06  -3.63764e+06 0.00000e+00 
5.44515e-04 4.42616e+06  -4.41576e+06 0.00000e+00 
5.71729e-04 5.34334e+06  -5.33172e+06 0.00000e+00 
5.98943e-04 6.41457e+06  -6.40157e+06 0.00000e+00 
6.26156e-04 7.65671e+06  -7.64219e+06 0.00000e+00 
6.53368e-04 9.08725e+06  -9.07109e+06 0.00000e+00 
6.80581e-04 1.07238e+07  -1.07060e+07 0.00000e+00 
7.07793e-04 1.25837e+07  -1.25641e+07 0.00000e+00 
7.35006e-04 1.46830e+07  -1.46618e+07 0.00000e+00 
7.62217e-04 1.70363e+07  -1.70134e+07 0.00000e+00 
7.89428e-04 1.96563e+07  -1.96319e+07 0.00000e+00 
8.16639e-04 2.25541e+07  -2.25284e+07 0.00000e+00 
8.43848e-04 2.57400e+07  -2.57129e+07 0.00000e+00 
8.71056e-04 2.92239e+07  -2.91956e+07 0.00000e+00 
8.98263e-04 3.30170e+07  -3.29874e+07 0.00000e+00 
9.25469e-04 3.71326e+07  -3.71016e+07 0.00000e+00 
9.52674e-04 4.15870e+07  -4.15546e+07 0.00000e+00 
9.79876e-04 4.64003e+07  -4.63664e+07 0.00000e+00 
1.00708e-03 5.15965e+07  -5.15609e+07 0.00000e+00 
1.03428e-03 5.72033e+07  -5.71658e+07 0.00000e+00 
1.06148e-03 6.32517e+07  -6.32122e+07 0.00000e+00 
1.08867e-03 6.97753e+07  -6.97338e+07 0.00000e+00 
1.11587e-03 7.68097e+07  -7.67659e+07 0.00000e+00 
1.14307e-03 8.43915e+07  -8.43454e+07 0.00000e+00 
1.17026e-03 9.25578e+07  -9.25092e+07 0.00000e+00 
1.19745e-03 1.01345e+08  -1.01294e+08 0.00000e+00 
1.22465e-03 1.10790e+08  -1.10736e+08 0.00000e+00 
1.25184e-03 1.20927e+08  -1.20870e+08 0.00000e+00 
1.27903e-03 1.31787e+08  -1.31728e+08 0.00000e+00 
1.30623e-03 1.43402e+08  -1.43339e+08 0.00000e+00 
1.33342e-03 1.55798e+08  -1.55732e+08 0.00000e+00 
1.36061e-03 1.68999e+08  -1.68931e+08 0.00000e+00 
1.38780e-03 1.83027e+08  -1.82956e+08 0.00000e+00 
1.41499e-03 1.97900e+08  -1.97826e+08 0.00000e+00 
1.44218e-03 2.13636e+08  -2.13559e+08 0.00000e+00 
1.46937e-03 2.30252e+08  -2.30173e+08 0.00000e+00 
1.49656e-03 2.47766e+08  -2.47685e+08 0.00000e+00 
1.52374e-03 2.66201e+08  -2.66117e+08 0.00000e+00 
1.55093e-03 2.85580e+08  -2.85493e+08 0.00000e+00 
1.57811e-03 3.05933e+08  -3.05844e+08 0.00000e+00 
1.60529e-03 3.27298e+08  -3.27206e+08 0.00000e+00 
1.63247e-03 3.49713e+08  -3.49619e+08 0.00000e+00 
1.65965e-03 3.73228e+08  -3.73130e+08 0.00000e+00 
1.68683e-03 3.97892e+08  -3.97791e+08 0.00000e+00 
1.71401e-03 4.23762e+08  -4.23658e+08 0.00000e+00 
1.74119e-03 4.50894e+08  -4.50787e+08 0.00000e+00 
1.76836e-03 4.79348e+08  -4.79237e+08 0.00000e+00 
1.79554e-03 5.09181e+08  -5.09066e+08 0.00000e+00 
1.82271e-03 5.40450e+08  -5.40332e+08 0.00000e+00 
1.84989e-03 5.73210e+08  -5.73087e+08 0.00000e+00 
1.87706e-03 6.07509e+08  -6.07383e+08 0.00000e+00 
1.90423e-03 6.43394e+08  -6.43263e+08 0.00000e+00 
1.93140e-03 6.80906e+08  -6.80770e+08 0.00000e+00 
1.95857e-03 7.20079e+08  -7.19940e+08 0.00000e+00 
1.98574e-03 7.60945e+08  -7.60802e+08 0.00000e+00 
2.01291e-03 8.03533e+08  -8.03386e+08 0.00000e+00 
2.04008e-03 8.47867e+08  -8.47716e+08 0.00000e+00 
2.06725e-03 8.93971e+08  -8.93816e+08 0.00000e+00 
2.09442e-03 9.41871e+08  -9.41712e+08 0.00000e+00 
2.12159e-03 9.91593e+08  -9.91432e+08 0.00000e+00 
2.14875e-03 1.04317e+09  -1.04301e+09 0.00000e+00 
2.17592e-03 1.09664e+09  -1.09647e+09 0.00000e+00 
2.20308e-03 1.15205e+09  -1.15188e+09 0.00000e+00 
2.23024e-03 1.20945e+09  -1.20927e+09 0.00000e+00 
2.25740e-03 1.26889e+09  -1.26871e+09 0.00000e+00 
2.28456e-03 1.33045e+09  -1.33027e+09 0.00000e+00 
2.31172e-03 1.39420e+09  -1.39401e+09 0.00000e+00 
2.33888e-03 1.46020e+09  -1.46001e+09 0.00000e+00 
2.36604e-03 1.52855e+09  -1.52835e+09 0.00000e+00 
2.39319e-03 1.59931e+09  -1.59911e+09 0.00000e+00 
2.42035e-03 1.67256e+09  -1.67236e+09 0.00000e+00 
2.44750e-03 1.74839e+09  -1.74817e+09 0.00000e+00 
2.47466e-03 1.82685e+09  -1.82663e+09 0.00000e+00 
2.50181e-03 1.90801e+09  -1.90779e+09 0.00000e+00 
2.52896e-03 1.99193e+09  -1.99170e+09 0.00000e+00 
2.55611e-03 2.07866e+09  -2.07843e+09 0.00000e+00 
2.58326e-03 2.16824e+09  -2.16801e+09 0.00000e+00 
2.61041e-03 2.26072e+09  -2.26048e+09 0.00000e+00 
2.63756e-03 2.35613e+09  -2.35588e+09 0.00000e+00 
2.66471e-03 2.45450e+09  -2.45424e+09 0.00000e+00 
2.69186e-03 2.55586e+09  -2.55560e+09 0.00000e+00 
2.71901e-03 2.66025e+09  -2.65999e+09 0.00000e+00 
2.74615e-03 2.76771e+09  -2.76744e+09 0.00000e+00 
2.77330e-03 2.87828e+09  -2.87801e+09 0.00000e+00 
2.80044e-03 2.99202e+09  -2.99174e+09 0.00000e+00 
2.82759e-03 3.10898e+09  -3.10870e+09 0.00000e+00 
2.85473e-03 3.22923e+09  -3.22894e+09 0.00000e+00 
2.88187e-03 3.35284e+09  -3.35255e+09 0.00000e+00 
2.90901e-03 3.47991e+09  -3.47961e+09 0.00000e+00 
2.93615e-03 3.61052e+09  -3.61021e+09 0.00000e+00 
2.96329e-03 3.74476e+09  -3.74445e+09 0.00000e+00 
2.99042e-03 3.88272e+09  -3.88241e+09 0.00000e+00 
3.01756e-03 4.02452e+09  -4.02420e+09 0.00000e+00 
3.04469e-03 4.17023e+09  -4.16990e+09 0.00000e+00 
3.07183e-03 4.31994e+09  -4.31961e+09 0.00000e+00 
3.09896e-03 4.47375e+09  -4.47341e+09 0.00000e+00 
3.12609e-03 4.63172e+09  -4.63137e+09 0.00000e+00 
3.15323e-03 4.79393e+09  -4.79357e+09 0.00000e+00 
3.18036e-03 4.96043e+09  -4.96007e+09 0.00000e+00 
3.20749e-03 5.13127e+09  -5.13091e+09 0.00000e+00 
3.23462e-03 5.30652e+09  -5.30615e+09 0.00000e+00 
3.26175e-03 5.48621e+09  -5.48583e+09 0.00000e+00 
3.28888e-03 5.67039e+09  -5.67000e+09 0.00000e+00 
3.31601e-03 5.85909e+09  -5.85870e+09 0.00000e+00 
3.34313e-03 6.05237e+09  -6.05197e+09 0.00000e+00 
3.37026e-03 6.25027e+09  -6.24987e+09 0.00000e+00 
3.39738e-03 6.45286e+09  -6.45245e+09 0.00000e+00 
3.42451e-03 6.66020e+09  -6.65979e+09 0.00000e+00 
3.45163e-03 6.87236e+09  -6.87194e+09 0.00000e+00 
3.47875e-03 7.08943e+09  -7.08900e+09 0.00000e+00 
3.50587e-03 7.31150e+09  -7.31107e+09 0.00000e+00 
3.53299e-03 7.53867e+09  -7.53823e+09 0.00000e+00 
3.56011e-03 7.77104e+09  -7.77060e+09 0.00000e+00 
3.58723e-03 8.00873e+09  -8.00828e+09 0.00000e+00 
3.61435e-03 8.25184e+09  -8.25138e+09 0.00000e+00 
3.64146e-03 8.50049e+09  -8.50003e+09 0.00000e+00 
3.66858e-03 8.75478e+09  -8.75431e+09 0.00000e+00 
3.69569e-03 9.01481e+09  -9.01433e+09 0.00000e+00 
3.72281e-03 9.28068e+09  -9.28019e+09 0.00000e+00 
3.74992e-03 9.55248e+09  -9.55198e+09 0.00000e+00 
3.77703e-03 9.83028e+09  -9.82977e+09 0.00000e+00 
3.80414e-03 1.01142e+10  -1.01136e+10 0.00000e+00 
3.83125e-03 1.04042e+10  -1.04036e+10 0.00000e+00 
3.85836e-03 1.07004e+10  -1.06999e+10 0.00000e+00 
3.88547e-03 1.10029e+10  -1.10023e+10 0.00000e+00 
3.91258e-03 1.13116e+10  -1.13111e+10 0.00000e+00 
3.93969e-03 1.16268e+10  -1.16262e+10 0.00000e+00 
3.96679e-03 1.19483e+10  -1.19478e+10 0.00000e+00 
3.99390e-03 1.22764e+10  -1.22758e+10 0.00000e+00 
4.02100e-03 1.26110e+10  -1.26105e+10 0.00000e+00 
4.04811e-03 1.29523e+10  -1.29517e+10 0.00000e+00 
4.07521e-03 1.33003e+10  -1.32997e+10 0.00000e+00 
4.10231e-03 1.36551e+10  -1.36545e+10 0.00000e+00 
4.12941e-03 1.40169e+10  -1.40163e+10 0.00000e+00 
4.15651e-03 1.43857e+10  -1.43851e+10 0.00000e+00 
4.18361e-03 1.47617e+10  -1.47611e+10 0.00000e+00 
4.21071e-03 1.51450e+10  -1.51444e+10 0.00000e+00 
4.23781e-03 1.55357e+10  -1.55351e+10 0.00000e+00 
4.26490e-03 1.59339e+10  -1.59333e+10 0.00000e+00 
4.29200e-03 1.63399e+10  -1.63392e+10 0.00000e+00 
4.31909e-03 1.67535e+10  -1.67529e+10 0.00000e+00 
4.34619e-03 1.71751e+10  -1.71744e+10 0.00000e+00 
4.37328e-03 1.76046e+10  -1.76039e+10 0.00000e+00 
4.40037e-03 1.80422e+10  -1.80415e+10 0.00000e+00 
4.42746e-03 1.84879e+10  -1.84872e+10 0.00000e+00 
4.45455e-03 1.89419e+10  -1.89412e+10 0.00000e+00 
4.48164e-03 1.94041e+10  -1.94034e+10 0.00000e+00 
4.50873e-03 1.98747e+10  -1.98740e+10 0.00000e+00 
4.53582e-03 2.03538e+10  -2.03531e+10 0.00000e+00 
4.56291e-03 2.08413e+10  -2.08406e+10 0.00000e+00 
4.59000e-03 2.13374e+10  -2.13367e+10 0.00000e+00 
4.61708e-03 2.18422e+10  -2.18415e+10 0.00000e+00 
4.64417e-03 2.23557e+10  -2.23549e+10 0.00000e+00 
4.67125e-03 2.28780e+10  -2.28773e+10 0.00000e+00 
4.69833e-03 2.34093e+10  -2.34085e+10 0.00000e+00 
4.72541e-03 2.39496e+10  -2.39489e+10 0.00000e+00 
4.75249e-03 2.44991e+10  -2.44984e+10 0.00000e+00 
4.77957e-03 2.50579e+10  -2.50571e+10 0.00000e+00 
4.80665e-03 2.56262e+10  -2.56254e+10 0.00000e+00 
4.83373e-03 2.62040e+10  -2.62032e+10 0.00000e+00 
4.86081e-03 2.67915e+10  -2.67906e+10 0.00000e+00 
4.88788e-03 2.73888e+10  -2.73880e+10 0.00000e+00 
4.91496e-03 2.79961e+10  -2.79953e+10 0.00000e+00 
4.94204e-03 2.86135e+10  -2.86126e+10 0.00000e+00 
4.96911e-03 2.92411e+10  -2.92402e+10 0.00000e+00 
4.99618e-03 2.98789e+10  -2.98781e+10 0.00000e+00 
5.02325e-03 3.05272e+10  -3.05264e+10 0.00000e+00 
5.05033e-03 3.11860e+10  -3.11851e+10 0.00000e+00 
5.07740e-03 3.18554e+10  -3.18545e+10 0.00000e+00 
5.10447e-03 3.25355e+10  -3.25346e+10 0.00000e+00 
5.13154e-03 3.32263e+10  -3.32254e+10 0.00000e+00 
5.15860e-03 3.39279e+10  -3.39270e+10 0.00000e+00 
5.18567e-03 3.46405e+10  -3.46395e+10 0.00000e+00 
5.21274e-03 3.53640e+10  -3.53631e+10 0.00000e+00 
5.23980e-03 3.60987e+10  -3.60978e+10 0.00000e+00 
5.26687e-03 3.68446e+10  -3.68436e+10 0.00000e+00 
5.29393e-03 3.76018e+10  -3.76008e+10 0.00000e+00 
5.32099e-03 3.83704e+10  -3.83694e+10 0.00000e+00 
5.34806e-03 3.91506e+10  -3.91496e+10 0.00000e+00 
5.37512e-03 3.99425e+10  -3.99415e+10 0.00000e+00 
5.40218e-03 4.07462e+10  -4.07452e+10 0.00000e+00 
5.42924e-03 4.15619e+10  -4.15609e+10 0.00000e+00 
5.45629e-03 4.23897e+10  -4.23887e+10 0.00000e+00 
5.48335e-03 4.32298e+10  -4.32288e+10 0.00000e+00 
5.51041e-03 4.40823e+10  -4.40813e+10 0.00000e+00 
5.53746e-03 4.49473e+10  -4.49463e+10 0.00000e+00 
5.56452e-03 4.58251e+10  -4.58240e+10 0.00000e+00 
5.59157e-03 4.67156e+10  -4.67145e+10 0.00000e+00 
5.61863e-03 4.76190e+10  -4.76179e+10 0.00000e+00 
5.64568e-03 4.85355e+10  -4.85343e+10 0.00000e+00 
5.67273e-03 4.94650e+10  -4.94639e+10 0.00000e+00 
5.69978e-03 5.04079e+10  -5.04067e+10 0.00000e+00 
5.72683e-03 5.13640e+10  -5.13629e+10 0.00000e+00 
5.75388e-03 5.23336e+10  -5.23325e+10 0.00000e+00 
5.78093e-03 5.33167e+10  -5.33156e+10 0.00000e+00 
5.80798e-03 5.43134e+10  -5.43123e+10 0.00000e+00 
5.83502e-03 5.53239e+10  -5.53227e+10 0.00000e+00 
5.86207e-03 5.63482e+10  -5.63470e+10 0.00000e+00 
5.88911e-03 5.73864e+10  -5.73852e+10 0.00000e+00 
5.91616e-03 5.84388e+10  -5.84375e+10 0.00000e+00 
5.94320e-03 5.95053e+10  -5.95041e+10 0.00000e+00 
5.97024e-03 6.05862e+10  -6.05849e+10 0.00000e+00 
5.99728e-03 6.16815e+10  -6.16803e+10 0.00000e+00 
6.02432e-03 6.27916e+10  -6.27903e+10 0.00000e+00 
6.05136e-03 6.39164e+10  -6.39151e+10 0.00000e+00 
6.07840e-03 6.50562e+10  -6.50549e+10 0.00000e+00 
6.10544e-03 6.62111e+10  -6.62098e+10 0.00000e+00 
6.13248e-03 6.73812e+10  -6.73799e+10 0.00000e+00 
6.15951e-03 6.85667e+10  -6.85654e+10 0.00000e+00 
6.18655e-03 6.97678e+10  -6.97665e+10 0.00000e+00 
6.21358e-03 7.09846e+10  -7.09832e+10 0.00000e+00 
6.24061e-03 7.22171e+10  -7.22158e+10 0.00000e+00 
6.26765e-03 7.34656e+10  -7.34642e+10 0.00000e+00 
6.29468e-03 7.47301e+10  -7.47287e+10 0.00000e+00 
6.32171e-03 7.60108e+10  -7.60094e+10 0.00000e+00 
6.34874e-03 7.73077e+10  -7.73063e+10 0.00000e+00 
6.37577e-03 7.86210e+10  -7.86196e+10 0.00000e+00 
6.40280e-03 7.99508e+10  -7.99494e+10 0.00000e+00 
6.42983e-03 8.12972e+10  -8.12958e+10 0.00000e+00 
6.45685e-03 8.26603e+10  -8.26588e+10 0.00000e+00 
6.48388e-03 8.40402e+10  -8.40388e+10 0.00000e+00 
6.51090e-03 8.54371e+10  -8.54357e+10 0.00000e+00 
6.53793e-03 8.68512e+10  -8.68497e+10 0.00000e+00 
6.56495e-03 8.82825e+10  -8.82810e+10 0.00000e+00 
6.59197e-03 8.97312e+10  -8.97297e+10 0.00000e+00 
6.61899e-03 9.11975e+10  -9.11960e+10 0.00000e+00 
6.64601e-03 9.26815e+10  -9.26800e+10 0.00000e+00 
6.67303e-03 9.41834e+10  -9.41818e+10 0.00000e+00 
6.70005e-03 9.57033e+10  -9.57018e+10 0.00000e+00 
6.72707e-03 9.72415e+10  -9.72399e+10 0.00000e+00 
6.75409e-03 9.87980e+10  -9.87964e+10 0.00000e+00 
6.78110e-03 1.00373e+11  -1.00371e+11 0.00000e+00 
6.80812e-03 1.01967e+11  -1.01965e+11 0.00000e+00 
6.83513e-03 1.03579e+11  -1.03578e+11 0.00000e+00 
6.86215e-03 1.05211e+11  -1.05209e+11 0.00000e+00 
6.88916e-03 1.06861e+11  -1.06860e+11 0.00000e+00 
6.91617e-03 1.08531e+11  -1.08530e+11 0.00000e+00 
6.94318e-03 1.10220e+11  -1.10219e+11 0.00000e+00 
6.97019e-03 1.11929e+11  -1.11927e+11 0.00000e+00 
6.99720e-03 1.13657e+11  -1.13655e+11 0.00000e+00 
7.02421e-03 1.15405e+11  -1.15403e+11 0.00000e+00 
7.05122e-03 1.17173e+11  -1.17171e+11 0.00000e+00 
7.07823e-03 1.18960e+11  -1.18959e+11 0.00000e+00 
7.10523e-03 1.20768e+11  -1.20766e+11 0.00000e+00 
7.13224e-03 1.22596e+11  -1.22595e+11 0.00000e+00 
7.15924e-03 1.24445e+11  -1.24443e+11 0.00000e+00 
7.18625e-03 1.26314e+11  -1.26312e+11 0.00000e+00 
7.21325e-03 1.28204e+11  -1.28202e+11 0.00000e+00 
7.24025e-03 1.30114e+11  -1.30113e+11 0.00000e+00 
7.26725e-03 1.32046e+11  -1.32044e+11 0.00000e+00 
7.29425e-03 1.33999e+11  -1.33997e+11 0.00000e+00 
7.32125e-03 1.35974e+11  -1.35972e+11 0.00000e+00 
7.34825e-03 1.37970e+11  -1.37968e+11 0.00000e+00 
7.37525e-03 1.39987e+11  -1.39986e+11 0.00000e+00 
7.40224e-03 1.42027e+11  -1.42025e+11 0.00000e+00 
7.42924e-03 1.44089e+11  -1.44087e+11 0.00000e+00 
7.45623e-03 1.46173e+11  -1.46171e+11 0.00000e+00 
7.48323e-03 1.48279e+11  -1.48277e+11 0.00000e+00 
7.51022e-03 1.50408e+11  -1.50406e+11 0.00000e+00 
7.53721e-03 1.52559e+11  -1.52557e+11 0.00000e+00 
7.56420e-03 1.54734e+11  -1.54732e+11 0.00000e+00 
7.59120e-03 1.56931e+11  -1.56929e+11 0.00000e+00 
7.61819e-03 1.59151e+11  -1.59149e+11 0.00000e+00 
7.64517e-03 1.61395e+11  -1.61393e+11 0.00000e+00 
7.67216e-03 1.63661e+11  -1.63659e+11 0.00000e+00 
7.69915e-03 1.65952e+11  -1.65950e+11 0.00000e+00 
7.72614e-03 1.68266e+11  -1.68264e+11 0.00000e+00 
7.75312e-03 1.70603e+11  -1.70601e+11 0.00000e+00 
7.78011e-03 1.72965e+11  -1.72963e+11 0.00000e+00 
7.80709e-03 1.75351e+11  -1.75349e+11 0.00000e+00 
7.83407e-03 1.77761e+11  -1.77759e+11 0.00000e+00 
7.86106e-03 1.80196e+11  -1.80194e+11 0.00000e+00 
7.88804e-03 1.82655e+11  -1.82653e+11 0.00000e+00 
7.91502e-03 1.85139e+11  -1.85137e+11 0.00000e+00 
7.94200e-03 1.87649e+11  -1.87646e+11 0.00000e+00 
7.96898e-03 1.90183e+11  -1.90181e+11 0.00000e+00 
7.99595e-03 1.92743e+11  -1.92741e+11 0.00000e+00 
8.02293e-03 1.95328e+11  -1.95326e+11 0.00000e+00 
8.04991e-03 1.97939e+11  -1.97937e+11 0.00000e+00 
8.07688e-03 2.00576e+11  -2.00574e+11 0.00000e+00 
8.10386e-03 2.03239e+11  -2.03237e+11 0.00000e+00 
8.13083e-03 2.05928e+11  -2.05926e+11 0.00000e+00 
8.15780e-03 2.08644e+11  -2.08641e+11 0.00000e+00 
8.18477e-03 2.11386e+11  -2.11383e+11 0.00000e+00 
8.21175e-03 2.14154e+11  -2.14152e+11 0.00000e+00 
8.23872e-03 2.16950e+11  -2.16947e+11 0.00000e+00 
8.26569e-03 2.19772e+11  -2.19770e+11 0.00000e+00 
8.29265e-03 2.22622e+11  -2.22619e+11 0.00000e+00 
8.31962e-03 2.25498e+11  -2.25496e+11 0.00000e+00 
8.34659e-03 2.28402e+11  -2.28400e+11 0.00000e+00 
8.37355e-03 2.31334e+11  -2.31332e+11 0.00000e+00 
8.40052e-03 2.34294e+11  -2.34291e+11 0.00000e+00 
8.42748e-03 2.37281e+11  -2.37279e+11 0.00000e+00 
8.45445e-03 2.40297e+11  -2.40295e+11 0.00000e+00 
8.48141e-03 2.43341e+11  -2.43339e+11 0.00000e+00 
8.50837e-03 2.46414e+11  -2.46411e+11 0.00000e+00 
8.53533e-03 2.49515e+11  -2.49512e+11 0.00000e+00 
8.56229e-03 2.52645e+11  -2.52642e+11 0.00000e+00 
8.58925e-03 2.55804e+11  -2.55802e+11 0.00000e+00 
8.61621e-03 2.58993e+11  -2.58990e+11 0.00000e+00 
8.64317e-03 2.62210e+11  -2.62208e+11 0.00000e+00 
8.67012e-03 2.65458e+11  -2.65455e+11 0.00000e+00 
8.69708e-03 2.68735e+11  -2.68733e+11 0.00000e+00 
8.72403e-03 2.72042e+11  -2.72040e+11 0.00000e+00 
8.75099e-03 2.75380e+11  -2.75377e+11 0.00000e+00 
8.77794e-03 2.78747e+11  -2.78745e+11 0.00000e+00 
8.80489e-03 2.82145e+11  -2.82143e+11 0.00000e+00 
8.83185e-03 2.85574e+11  -2.85571e+11 0.00000e+00 
8.85880e-03 2.89034e+11  -2.89031e+11 0.00000e+00 
8.88575e-03 2.92524e+11  -2.92521e+11 0.00000e+00 
8.91270e-03 2.96045e+11  -2.96043e+11 0.00000e+00 
8.93964e-03 2.99598e+11  -2.99595e+11 0.00000e+00 
8.96659e-03 3.03182e+11  -3.03180e+11 0.00000e+00 
8.99354e-03 3.06798e+11  -3.06796e+11 0.00000e+00 
9.02048e-03 3.10446e+11  -3.10443e+11 0.00000e+00 
9.04743e-03 3.14126e+11  -3.14123e+11 0.00000e+00 
9.07437e-03 3.17838e+11  -3.17835e+11 0.00000e+00 
9.10132e-03 3.21582e+11  -3.21579e+11 0.00000e+00 
9.12826e-03 3.25359e+11  -3.25356e+11 0.00000e+00 
9.15520e-03 3.29169e+11  -3.29166e+11 0.00000e+00 
9.18214e-03 3.33012e+11  -3.33009e+11 0.00000e+00 
9.20908e-03 3.36888e+11  -3.36885e+11 0.00000e+00 
9.23602e-03 3.40797e+11  -3.40794e+11 0.00000e+00 
9.26296e-03 3.44740e+11  -3.44737e+11 0.00000e+00 
9.28989e-03 3.48717e+11  -3.48714e+11 0.00000e+00 
9.31683e-03 3.52727e+11  -3.52724e+11 0.00000e+00 
9.34377e-03 3.56772e+11  -3.56769e+11 0.00000e+00 
9.37070e-03 3.60851e+11  -3.60848e+11 0.00000e+00 
9.39763e-03 3.64964e+11  -3.64962e+11 0.00000e+00 
9.42457e-03 3.69113e+11  -3.69110e+11 0.00000e+00 
9.45150e-03 3.73295e+11  -3.73292e+11 0.00000e+00 
9.47843e-03 3.77513e+11  -3.77510e+11 0.00000e+00 
9.50536e-03 3.81766e+11  -3.81763e+11 0.00000e+00 
9.53229e-03 3.86055e+11  -3.86052e+11 0.00000e+00 
9.55922e-03 3.90379e+11  -3.90376e+11 0.00000e+00 
9.58615e-03 3.94739e+11  -3.94736e+11 0.00000e+00 
9.61307e-03 3.99134e+11  -3.99131e+11 0.00000e+00 
9.64000e-03 4.03566e+11  -4.03563e+11 0.00000e+00 
9.66693e-03 4.08034e+11  -4.08031e+11 0.00000e+00 
9.69385e-03 4.12539e+11  -4.12536e+11 0.00000e+00 
9.72077e-03 4.17080e+11  -4.17077e+11 0.00000e+00 
9.74770e-03 4.21658e+11  -4.21655e+11 0.00000e+00 
9.77462e-03 4.26274e+11  -4.26271e+11 0.00000e+00 
9.80154e-03 4.30927e+11  -4.30924e+11 0.00000e+00 
9.82846e-03 4.35617e+11  -4.35614e+11 0.00000e+00 
9.85538e-03 4.40345e+11  -4.40342e+11 0.00000e+00 
9.88230e-03 4.45111e+11  -4.45108e+11 0.00000e+00 
9.90922e-03 4.49915e+11  -4.49912e+11 0.00000e+00 
9.93613e-03 4.54758e+11  -4.54754e+11 0.00000e+00 
9.96305e-03 4.59639e+11  -4.59635e+11 0.00000e+00 
9.98996e-03 4.64558e+11  -4.64555e+11 0.00000e+00 
