3.40414e-05 9.21657e+02  1.95210e-10 0.00000e+00 
6.80828e-05 4.35209e+03  -3.37176e+03 0.00000e+00 
1.02124e-04 1.23725e+04  -1.09675e+04 0.00000e+00 
1.36135e-04 2.79683e+04  -2.69147e+04 0.00000e+00 
1.70169e-04 4.46056e+04  -4.38474e+04 0.00000e+00 
2.04192e-04 6.59526e+04  -6.44829e+04 0.00000e+00 
2.38217e-04 9.84753e+04  -9.59096e+04 0.00000e+00 
2.72240e-04 1.51243e+05  -1.47937e+05 0.00000e+00 
3.06263e-04 2.27810e+05  -2.24727e+05 0.00000e+00 
3.40273e-04 3.33385e+05  -3.29080e+05 0.00000e+00 
3.74277e-04 4.73664e+05  -4.70266e+05 0.00000e+00 
4.08293e-04 6.43204e+05  -6.39465e+05 0.00000e+00 
4.42305e-04 8.87639e+05  -8.80499e+05 0.00000e+00 
4.76316e-04 1.21423e+06  -1.20692e+06 0.00000e+00 
5.10329e-04 1.60965e+06  -1.60143e+06 0.00000e+00 
5.44329e-04 2.09821e+06  -2.08941e+06 0.00000e+00 
5.78323e-04 2.64817e+06  -2.64041e+06 0.00000e+00 
6.12326e-04 3.27339e+06  -3.26341e+06 0.00000e+00 
6.46328e-04 4.03600e+06  -4.02412e+06 0.00000e+00 
6.80330e-04 4.96777e+06  -4.95337e+06 0.00000e+00 
7.14321e-04 6.05761e+06  -6.04318e+06 0.00000e+00 
7.48315e-04 7.30202e+06  -7.28599e+06 0.00000e+00 
7.82298e-04 8.71329e+06  -8.69677e+06 0.00000e+00 
8.16284e-04 1.02300e+07  -1.02147e+07 0.00000e+00 
8.50278e-04 1.19892e+07  -1.19682e+07 0.00000e+00 
8.84262e-04 1.40691e+07  -1.40474e+07 0.00000e+00 
9.18250e-04 1.63818e+07  -1.63579e+07 0.00000e+00 
9.52216e-04 1.90186e+07  -1.89918e+07 0.00000e+00 
9.86189e-04 2.18810e+07  -2.18568e+07 0.00000e+00 
1.02017e-03 2.49252e+07  -2.48987e+07 0.00000e+00 
1.05414e-03 2.83059e+07  -2.82768e+07 0.00000e+00 
1.08812e-03 3.21171e+07  -3.20843e+07 0.00000e+00 
1.12209e-03 3.63722e+07  -3.63372e+07 0.00000e+00 
1.15605e-03 4.10344e+07  -4.09973e+07 0.00000e+00 
1.19001e-03 4.61418e+07  -4.61025e+07 0.00000e+00 
1.22397e-03 5.14960e+07  -5.14604e+07 0.00000e+00 
1.25794e-03 5.72434e+07  -5.72017e+07 0.00000e+00 
1.29189e-03 6.36805e+07  -6.36352e+07 0.00000e+00 
1.32585e-03 7.06332e+07  -7.05868e+07 0.00000e+00 
1.35981e-03 7.82794e+07  -7.82257e+07 0.00000e+00 
1.39374e-03 8.65321e+07  -8.64812e+07 0.00000e+00 
1.42770e-03 9.51189e+07  -9.50672e+07 0.00000e+00 
1.46165e-03 1.04255e+08  -1.04200e+08 0.00000e+00 
1.49561e-03 1.14118e+08  -1.14058e+08 0.00000e+00 
1.52955e-03 1.24824e+08  -1.24761e+08 0.00000e+00 
1.56349e-03 1.36347e+08  -1.36281e+08 0.00000e+00 
1.59743e-03 1.48793e+08  -1.48722e+08 0.00000e+00 
1.63136e-03 1.61795e+08  -1.61729e+08 0.00000e+00 
1.66530e-03 1.75297e+08  -1.75227e+08 0.00000e+00 
1.69923e-03 1.89876e+08  -1.89800e+08 0.00000e+00 
1.73317e-03 2.05325e+08  -2.05249e+08 0.00000e+00 
1.76710e-03 2.21937e+08  -2.21850e+08 0.00000e+00 
1.80102e-03 2.39806e+08  -2.39719e+08 0.00000e+00 
1.83495e-03 2.58356e+08  -2.58270e+08 0.00000e+00 
1.86887e-03 2.77687e+08  -2.77598e+08 0.00000e+00 
1.90280e-03 2.98026e+08  -2.97933e+08 0.00000e+00 
1.93672e-03 3.19595e+08  -3.19497e+08 0.00000e+00 
1.97063e-03 3.42480e+08  -3.42378e+08 0.00000e+00 
2.00456e-03 3.66978e+08  -3.66866e+08 0.00000e+00 
2.03846e-03 3.92661e+08  -3.92554e+08 0.00000e+00 
2.07238e-03 4.19009e+08  -4.18900e+08 0.00000e+00 
2.10628e-03 4.46803e+08  -4.46687e+08 0.00000e+00 
2.14019e-03 4.75791e+08  -4.75678e+08 0.00000e+00 
2.17410e-03 5.06355e+08  -5.06228e+08 0.00000e+00 
2.20799e-03 5.39065e+08  -5.38934e+08 0.00000e+00 
2.24190e-03 5.73130e+08  -5.72999e+08 0.00000e+00 
2.27580e-03 6.08394e+08  -6.08260e+08 0.00000e+00 
2.30970e-03 6.44954e+08  -6.44818e+08 0.00000e+00 
2.34359e-03 6.83065e+08  -6.82924e+08 0.00000e+00 
2.37748e-03 7.22860e+08  -7.22716e+08 0.00000e+00 
2.41137e-03 7.65071e+08  -7.64912e+08 0.00000e+00 
2.44526e-03 8.09478e+08  -8.09321e+08 0.00000e+00 
2.47915e-03 8.55004e+08  -8.54847e+08 0.00000e+00 
2.51304e-03 9.02413e+08  -9.02247e+08 0.00000e+00 
2.54691e-03 9.51322e+08  -9.51162e+08 0.00000e+00 
2.58080e-03 1.00199e+09  -1.00182e+09 0.00000e+00 
2.61467e-03 1.05566e+09  -1.05548e+09 0.00000e+00 
2.64855e-03 1.11169e+09  -1.11151e+09 0.00000e+00 
2.68243e-03 1.16972e+09  -1.16953e+09 0.00000e+00 
2.71630e-03 1.22955e+09  -1.22936e+09 0.00000e+00 
2.75016e-03 1.29129e+09  -1.29110e+09 0.00000e+00 
2.78403e-03 1.35485e+09  -1.35466e+09 0.00000e+00 
2.81790e-03 1.42138e+09  -1.42117e+09 0.00000e+00 
2.85176e-03 1.49135e+09  -1.49114e+09 0.00000e+00 
2.88563e-03 1.56330e+09  -1.56309e+09 0.00000e+00 
2.91949e-03 1.63796e+09  -1.63774e+09 0.00000e+00 
2.95334e-03 1.71458e+09  -1.71437e+09 0.00000e+00 
2.98720e-03 1.79294e+09  -1.79272e+09 0.00000e+00 
3.02106e-03 1.87478e+09  -1.87455e+09 0.00000e+00 
3.05491e-03 1.96003e+09  -1.95979e+09 0.00000e+00 
3.08876e-03 2.04843e+09  -2.04818e+09 0.00000e+00 
3.12261e-03 2.13961e+09  -2.13936e+09 0.00000e+00 
3.15645e-03 2.23344e+09  -2.23319e+09 0.00000e+00 
3.19029e-03 2.32908e+09  -2.32883e+09 0.00000e+00 
3.22413e-03 2.42787e+09  -2.42760e+09 0.00000e+00 
3.25798e-03 2.53112e+09  -2.53084e+09 0.00000e+00 
3.29182e-03 2.63741e+09  -2.63714e+09 0.00000e+00 
3.32566e-03 2.74774e+09  -2.74745e+09 0.00000e+00 
3.35948e-03 2.86109e+09  -2.86081e+09 0.00000e+00 
3.39332e-03 2.97624e+09  -2.97596e+09 0.00000e+00 
3.42715e-03 3.09495e+09  -3.09466e+09 0.00000e+00 
3.46098e-03 3.21770e+09  -3.21740e+09 0.00000e+00 
3.49481e-03 3.34478e+09  -3.34446e+09 0.00000e+00 
3.52864e-03 3.47592e+09  -3.47560e+09 0.00000e+00 
3.56245e-03 3.61131e+09  -3.61098e+09 0.00000e+00 
3.59627e-03 3.74884e+09  -3.74853e+09 0.00000e+00 
3.63009e-03 3.88940e+09  -3.88906e+09 0.00000e+00 
3.66390e-03 4.03493e+09  -4.03459e+09 0.00000e+00 
3.69772e-03 4.18426e+09  -4.18391e+09 0.00000e+00 
3.73153e-03 4.33917e+09  -4.33881e+09 0.00000e+00 
3.76533e-03 4.49884e+09  -4.49848e+09 0.00000e+00 
3.79914e-03 4.66124e+09  -4.66087e+09 0.00000e+00 
3.83295e-03 4.82709e+09  -4.82672e+09 0.00000e+00 
3.86674e-03 4.99722e+09  -4.99684e+09 0.00000e+00 
3.90054e-03 5.17222e+09  -5.17184e+09 0.00000e+00 
3.93435e-03 5.35254e+09  -5.35214e+09 0.00000e+00 
3.96815e-03 5.53924e+09  -5.53883e+09 0.00000e+00 
4.00194e-03 5.72938e+09  -5.72898e+09 0.00000e+00 
4.03574e-03 5.92285e+09  -5.92244e+09 0.00000e+00 
4.06951e-03 6.12149e+09  -6.12107e+09 0.00000e+00 
4.10331e-03 6.32387e+09  -6.32345e+09 0.00000e+00 
4.13710e-03 6.53298e+09  -6.53254e+09 0.00000e+00 
4.17089e-03 6.74875e+09  -6.74831e+09 0.00000e+00 
4.20467e-03 6.96932e+09  -6.96887e+09 0.00000e+00 
4.23845e-03 7.19406e+09  -7.19361e+09 0.00000e+00 
4.27223e-03 7.42333e+09  -7.42287e+09 0.00000e+00 
4.30600e-03 7.65730e+09  -7.65684e+09 0.00000e+00 
4.33978e-03 7.89683e+09  -7.89636e+09 0.00000e+00 
4.37356e-03 8.14497e+09  -8.14448e+09 0.00000e+00 
4.40733e-03 8.39845e+09  -8.39797e+09 0.00000e+00 
4.44110e-03 8.65694e+09  -8.65644e+09 0.00000e+00 
4.47486e-03 8.92112e+09  -8.92063e+09 0.00000e+00 
4.50863e-03 9.18874e+09  -9.18825e+09 0.00000e+00 
4.54239e-03 9.46298e+09  -9.46246e+09 0.00000e+00 
4.57615e-03 9.74526e+09  -9.74474e+09 0.00000e+00 
4.60992e-03 1.00348e+10  -1.00342e+10 0.00000e+00 
4.64367e-03 1.03302e+10  -1.03296e+10 0.00000e+00 
4.67742e-03 1.06318e+10  -1.06312e+10 0.00000e+00 
4.71117e-03 1.09378e+10  -1.09373e+10 0.00000e+00 
4.74493e-03 1.12487e+10  -1.12481e+10 0.00000e+00 
4.77867e-03 1.15692e+10  -1.15687e+10 0.00000e+00 
4.81243e-03 1.18969e+10  -1.18963e+10 0.00000e+00 
4.84617e-03 1.22321e+10  -1.22315e+10 0.00000e+00 
4.87991e-03 1.25750e+10  -1.25744e+10 0.00000e+00 
4.91366e-03 1.29219e+10  -1.29214e+10 0.00000e+00 
4.94739e-03 1.32746e+10  -1.32740e+10 0.00000e+00 
4.98113e-03 1.36353e+10  -1.36347e+10 0.00000e+00 
5.01487e-03 1.40050e+10  -1.40044e+10 0.00000e+00 
5.04860e-03 1.43825e+10  -1.43819e+10 0.00000e+00 
5.08233e-03 1.47696e+10  -1.47689e+10 0.00000e+00 
5.11606e-03 1.51620e+10  -1.51614e+10 0.00000e+00 
5.14979e-03 1.55590e+10  -1.55584e+10 0.00000e+00 
5.18352e-03 1.59652e+10  -1.59645e+10 0.00000e+00 
5.21724e-03 1.63787e+10  -1.63780e+10 0.00000e+00 
5.25096e-03 1.68022e+10  -1.68015e+10 0.00000e+00 
5.28467e-03 1.72361e+10  -1.72354e+10 0.00000e+00 
5.31839e-03 1.76771e+10  -1.76764e+10 0.00000e+00 
5.35210e-03 1.81234e+10  -1.81227e+10 0.00000e+00 
5.38582e-03 1.85774e+10  -1.85767e+10 0.00000e+00 
5.41953e-03 1.90402e+10  -1.90394e+10 0.00000e+00 
5.45324e-03 1.95115e+10  -1.95108e+10 0.00000e+00 
5.48694e-03 1.99961e+10  -1.99953e+10 0.00000e+00 
5.52064e-03 2.04888e+10  -2.04880e+10 0.00000e+00 
5.55435e-03 2.09877e+10  -2.09869e+10 0.00000e+00 
5.58804e-03 2.14953e+10  -2.14946e+10 0.00000e+00 
5.62175e-03 2.20095e+10  -2.20088e+10 0.00000e+00 
5.65544e-03 2.25341e+10  -2.25333e+10 0.00000e+00 
5.68915e-03 2.30710e+10  -2.30702e+10 0.00000e+00 
5.72284e-03 2.36193e+10  -2.36185e+10 0.00000e+00 
5.75653e-03 2.41747e+10  -2.41739e+10 0.00000e+00 
5.79022e-03 2.47393e+10  -2.47384e+10 0.00000e+00 
5.82391e-03 2.53110e+10  -2.53102e+10 0.00000e+00 
5.85760e-03 2.58907e+10  -2.58898e+10 0.00000e+00 
5.89128e-03 2.64852e+10  -2.64844e+10 0.00000e+00 
5.92497e-03 2.70907e+10  -2.70898e+10 0.00000e+00 
5.95865e-03 2.77066e+10  -2.77057e+10 0.00000e+00 
5.99232e-03 2.83324e+10  -2.83315e+10 0.00000e+00 
6.02600e-03 2.89653e+10  -2.89644e+10 0.00000e+00 
6.05967e-03 2.96062e+10  -2.96053e+10 0.00000e+00 
6.09334e-03 3.02600e+10  -3.02591e+10 0.00000e+00 
6.12701e-03 3.09278e+10  -3.09268e+10 0.00000e+00 
6.16068e-03 3.16057e+10  -3.16048e+10 0.00000e+00 
6.19434e-03 3.22975e+10  -3.22965e+10 0.00000e+00 
6.22800e-03 3.29964e+10  -3.29954e+10 0.00000e+00 
6.26167e-03 3.37023e+10  -3.37014e+10 0.00000e+00 
6.29532e-03 3.44217e+10  -3.44207e+10 0.00000e+00 
6.32898e-03 3.51532e+10  -3.51522e+10 0.00000e+00 
6.36263e-03 3.58988e+10  -3.58978e+10 0.00000e+00 
6.39629e-03 3.66581e+10  -3.66571e+10 0.00000e+00 
6.42994e-03 3.74283e+10  -3.74273e+10 0.00000e+00 
6.46360e-03 3.82044e+10  -3.82034e+10 0.00000e+00 
6.49724e-03 3.89932e+10  -3.89921e+10 0.00000e+00 
6.53088e-03 3.97944e+10  -3.97934e+10 0.00000e+00 
6.56453e-03 4.06084e+10  -4.06073e+10 0.00000e+00 
6.59817e-03 4.14408e+10  -4.14398e+10 0.00000e+00 
6.63181e-03 4.22841e+10  -4.22830e+10 0.00000e+00 
6.66545e-03 4.31365e+10  -4.31354e+10 0.00000e+00 
6.69907e-03 4.39997e+10  -4.39986e+10 0.00000e+00 
6.73271e-03 4.48748e+10  -4.48737e+10 0.00000e+00 
6.76634e-03 4.57630e+10  -4.57619e+10 0.00000e+00 
6.79997e-03 4.66695e+10  -4.66684e+10 0.00000e+00 
6.83360e-03 4.75918e+10  -4.75906e+10 0.00000e+00 
6.86723e-03 4.85227e+10  -4.85215e+10 0.00000e+00 
6.90085e-03 4.94672e+10  -4.94660e+10 0.00000e+00 
6.93446e-03 5.04208e+10  -5.04197e+10 0.00000e+00 
6.96808e-03 5.13874e+10  -5.13862e+10 0.00000e+00 
7.00170e-03 5.23732e+10  -5.23720e+10 0.00000e+00 
7.03533e-03 5.33754e+10  -5.33742e+10 0.00000e+00 
7.06894e-03 5.43912e+10  -5.43900e+10 0.00000e+00 
7.10255e-03 5.54197e+10  -5.54185e+10 0.00000e+00 
7.13615e-03 5.64599e+10  -5.64587e+10 0.00000e+00 
7.16977e-03 5.75090e+10  -5.75078e+10 0.00000e+00 
7.20337e-03 5.85784e+10  -5.85771e+10 0.00000e+00 
7.23698e-03 5.96647e+10  -5.96635e+10 0.00000e+00 
7.27059e-03 6.07668e+10  -6.07655e+10 0.00000e+00 
7.30418e-03 6.18862e+10  -6.18849e+10 0.00000e+00 
7.33778e-03 6.30155e+10  -6.30143e+10 0.00000e+00 
7.37137e-03 6.41559e+10  -6.41546e+10 0.00000e+00 
7.40497e-03 6.53121e+10  -6.53108e+10 0.00000e+00 
7.43856e-03 6.64875e+10  -6.64862e+10 0.00000e+00 
7.47216e-03 6.76793e+10  -6.76779e+10 0.00000e+00 
7.50575e-03 6.88920e+10  -6.88906e+10 0.00000e+00 
7.53933e-03 7.01175e+10  -7.01161e+10 0.00000e+00 
7.57291e-03 7.13524e+10  -7.13510e+10 0.00000e+00 
7.60649e-03 7.26044e+10  -7.26030e+10 0.00000e+00 
7.64008e-03 7.38711e+10  -7.38697e+10 0.00000e+00 
7.67365e-03 7.51578e+10  -7.51564e+10 0.00000e+00 
7.70723e-03 7.64663e+10  -7.64649e+10 0.00000e+00 
7.74081e-03 7.77919e+10  -7.77904e+10 0.00000e+00 
7.77437e-03 7.91283e+10  -7.91268e+10 0.00000e+00 
7.80795e-03 8.04804e+10  -8.04789e+10 0.00000e+00 
7.84152e-03 8.18474e+10  -8.18459e+10 0.00000e+00 
7.87509e-03 8.32304e+10  -8.32289e+10 0.00000e+00 
7.90865e-03 8.46406e+10  -8.46391e+10 0.00000e+00 
7.94222e-03 8.60680e+10  -8.60665e+10 0.00000e+00 
7.97578e-03 8.75114e+10  -8.75099e+10 0.00000e+00 
8.00933e-03 8.89701e+10  -8.89686e+10 0.00000e+00 
8.04289e-03 9.04426e+10  -9.04411e+10 0.00000e+00 
8.07644e-03 9.19301e+10  -9.19285e+10 0.00000e+00 
8.11000e-03 9.34427e+10  -9.34411e+10 0.00000e+00 
8.14355e-03 9.49780e+10  -9.49764e+10 0.00000e+00 
8.17710e-03 9.65294e+10  -9.65278e+10 0.00000e+00 
8.21064e-03 9.81027e+10  -9.81011e+10 0.00000e+00 
8.24419e-03 9.96863e+10  -9.96847e+10 0.00000e+00 
8.27773e-03 1.01285e+11  -1.01283e+11 0.00000e+00 
8.31128e-03 1.02907e+11  -1.02905e+11 0.00000e+00 
8.34482e-03 1.04551e+11  -1.04549e+11 0.00000e+00 
8.37836e-03 1.06216e+11  -1.06215e+11 0.00000e+00 
8.41189e-03 1.07905e+11  -1.07903e+11 0.00000e+00 
8.44542e-03 1.09609e+11  -1.09608e+11 0.00000e+00 
8.47895e-03 1.11324e+11  -1.11322e+11 0.00000e+00 
8.51249e-03 1.13063e+11  -1.13061e+11 0.00000e+00 
8.54602e-03 1.14820e+11  -1.14818e+11 0.00000e+00 
8.57955e-03 1.16602e+11  -1.16601e+11 0.00000e+00 
8.61306e-03 1.18412e+11  -1.18410e+11 0.00000e+00 
8.64659e-03 1.20239e+11  -1.20237e+11 0.00000e+00 
8.68010e-03 1.22080e+11  -1.22078e+11 0.00000e+00 
8.71363e-03 1.23939e+11  -1.23937e+11 0.00000e+00 
8.74714e-03 1.25819e+11  -1.25817e+11 0.00000e+00 
8.78066e-03 1.27720e+11  -1.27718e+11 0.00000e+00 
8.81416e-03 1.29654e+11  -1.29652e+11 0.00000e+00 
8.84767e-03 1.31607e+11  -1.31606e+11 0.00000e+00 
8.88118e-03 1.33579e+11  -1.33577e+11 0.00000e+00 
8.91468e-03 1.35570e+11  -1.35568e+11 0.00000e+00 
8.94819e-03 1.37576e+11  -1.37574e+11 0.00000e+00 
8.98169e-03 1.39605e+11  -1.39603e+11 0.00000e+00 
9.01519e-03 1.41664e+11  -1.41662e+11 0.00000e+00 
9.04869e-03 1.43750e+11  -1.43748e+11 0.00000e+00 
9.08219e-03 1.45854e+11  -1.45852e+11 0.00000e+00 
9.11568e-03 1.47984e+11  -1.47982e+11 0.00000e+00 
9.14917e-03 1.50126e+11  -1.50124e+11 0.00000e+00 
9.18267e-03 1.52288e+11  -1.52286e+11 0.00000e+00 
9.21616e-03 1.54479e+11  -1.54477e+11 0.00000e+00 
9.24965e-03 1.56697e+11  -1.56695e+11 0.00000e+00 
9.28313e-03 1.58941e+11  -1.58939e+11 0.00000e+00 
9.31661e-03 1.61212e+11  -1.61210e+11 0.00000e+00 
9.35009e-03 1.63500e+11  -1.63498e+11 0.00000e+00 
9.38358e-03 1.65802e+11  -1.65800e+11 0.00000e+00 
9.41706e-03 1.68133e+11  -1.68131e+11 0.00000e+00 
9.45054e-03 1.70488e+11  -1.70486e+11 0.00000e+00 
9.48401e-03 1.72873e+11  -1.72871e+11 0.00000e+00 
9.51747e-03 1.75290e+11  -1.75288e+11 0.00000e+00 
9.55095e-03 1.77726e+11  -1.77724e+11 0.00000e+00 
9.58441e-03 1.80179e+11  -1.80177e+11 0.00000e+00 
9.61788e-03 1.82656e+11  -1.82654e+11 0.00000e+00 
9.65134e-03 1.85156e+11  -1.85154e+11 0.00000e+00 
9.68481e-03 1.87685e+11  -1.87682e+11 0.00000e+00 
9.71826e-03 1.90252e+11  -1.90250e+11 0.00000e+00 
9.75173e-03 1.92840e+11  -1.92838e+11 0.00000e+00 
9.78518e-03 1.95451e+11  -1.95449e+11 0.00000e+00 
9.81864e-03 1.98084e+11  -1.98082e+11 0.00000e+00 
9.85209e-03 2.00736e+11  -2.00734e+11 0.00000e+00 
9.88554e-03 2.03416e+11  -2.03414e+11 0.00000e+00 
9.91899e-03 2.06133e+11  -2.06131e+11 0.00000e+00 
9.95243e-03 2.08879e+11  -2.08877e+11 0.00000e+00 
9.98589e-03 2.11651e+11  -2.11648e+11 0.00000e+00 
