
p1:
Element1
-1.0684e-10 0000 0000 
0000 -1.0684e-10 0000 
0000 0000 -1.0684e-10 


p1:
Element2
1.0684e-10 0000 0000 
0000 1.0684e-10 0000 
0000 0000 1.0684e-10 


p1:
Element3
0000 0000 0000 
0000 0000 0000 
0000 0000 0000 


p1:
Element4
0000 0000 0000 
0000 0000 0000 
0000 0000 0000 


p1:
Element1
1.5693e-06 0000 0000 
0000 1.5693e-06 0000 
0000 0000 1.5693e-06 


p1:
Element2
0000 0000 0000 
0000 0000 0000 
0000 0000 0000 


p1:
Element3
0000 0000 0000 
0000 0000 0000 
0000 0000 0000 


p1:
Element4
0000 0000 0000 
0000 0000 0000 
0000 0000 0000 


p1:
Element1
1.1548e+07 0000 0000 
0000 1.1548e+07 0000 
0000 0000 1.1548e+07 


p1:
Element2
-6.2772e-06 0000 0000 
0000 -6.2772e-06 0000 
0000 0000 -6.2772e-06 


p1:
Element3
0000 0000 0000 
0000 0000 0000 
0000 0000 0000 


p1:
Element4
0000 0000 0000 
0000 0000 0000 
0000 0000 0000 


p1:
Element1
-1.1211e+07 0000 0000 
0000 -1.1211e+07 0000 
0000 0000 -1.1211e+07 


p1:
Element2
4.7037e+06 0000 0000 
0000 4.7037e+06 0000 
0000 0000 4.7037e+06 


p1:
Element3
-1.5693e-06 0000 0000 
0000 -1.5693e-06 0000 
0000 0000 -1.5693e-06 


p1:
Element4
0000 0000 0000 
0000 0000 0000 
0000 0000 0000 


p1:
Element1
1.2999e+07 0000 0000 
0000 1.2999e+07 0000 
0000 0000 1.2999e+07 


p1:
Element2
7.1117e+06 0000 0000 
0000 7.1117e+06 0000 
0000 0000 7.1117e+06 


p1:
Element3
2.7431e+06 0000 0000 
0000 2.7431e+06 0000 
0000 0000 2.7431e+06 


p1:
Element4
-1.5707e-06 0000 0000 
0000 -1.5707e-06 0000 
0000 0000 -1.5707e-06 


p1:
Element1
-8.6298e+06 0000 0000 
0000 -8.6298e+06 0000 
0000 0000 -8.6298e+06 


p1:
Element2
-1.1358e+07 0000 0000 
0000 -1.1358e+07 0000 
0000 0000 -1.1358e+07 


p1:
Element3
2.3794e+06 0000 0000 
0000 2.3794e+06 0000 
0000 0000 2.3794e+06 


p1:
Element4
1.1917e+06 0000 0000 
0000 1.1917e+06 0000 
0000 0000 1.1917e+06 


p1:
Element1
-1.8605e+06 0000 0000 
0000 -1.8605e+06 0000 
0000 0000 -1.8605e+06 


p1:
Element2
8.8547e+06 0000 0000 
0000 8.8547e+06 0000 
0000 0000 8.8547e+06 


p1:
Element3
6.2340e+06 0000 0000 
0000 6.2340e+06 0000 
0000 0000 6.2340e+06 


p1:
Element4
4.2821e+06 0000 0000 
0000 4.2821e+06 0000 
0000 0000 4.2821e+06 


p1:
Element1
8.9912e+06 0000 0000 
0000 8.9912e+06 0000 
0000 0000 8.9912e+06 


p1:
Element2
1.5321e+06 0000 0000 
0000 1.5321e+06 0000 
0000 0000 1.5321e+06 


p1:
Element3
-7.6151e+06 0000 0000 
0000 -7.6151e+06 0000 
0000 0000 -7.6151e+06 


p1:
Element4
-4.0049e+05 0000 0000 
0000 -4.0049e+05 0000 
0000 0000 -4.0049e+05 


p1:
Element1
-8.7514e+06 0000 0000 
0000 -8.7514e+06 0000 
0000 0000 -8.7514e+06 


p1:
Element2
-1.1778e+07 0000 0000 
0000 -1.1778e+07 0000 
0000 0000 -1.1778e+07 


p1:
Element3
2.3219e+06 0000 0000 
0000 2.3219e+06 0000 
0000 0000 2.3219e+06 


p1:
Element4
8.7750e+06 0000 0000 
0000 8.7750e+06 0000 
0000 0000 8.7750e+06 


p1:
Element1
6.6095e+06 0000 0000 
0000 6.6095e+06 0000 
0000 0000 6.6095e+06 


p1:
Element2
1.2218e+07 0000 0000 
0000 1.2218e+07 0000 
0000 0000 1.2218e+07 


p1:
Element3
6.7952e+06 0000 0000 
0000 6.7952e+06 0000 
0000 0000 6.7952e+06 


p1:
Element4
-3.4812e+06 0000 0000 
0000 -3.4812e+06 0000 
0000 0000 -3.4812e+06 


p1:
Element1
-4.0793e+06 0000 0000 
0000 -4.0793e+06 0000 
0000 0000 -4.0793e+06 


p1:
Element2
-2.7042e+06 0000 0000 
0000 -2.7042e+06 0000 
0000 0000 -2.7042e+06 


p1:
Element3
-8.8087e+06 0000 0000 
0000 -8.8087e+06 0000 
0000 0000 -8.8087e+06 


p1:
Element4
-2.9368e+06 0000 0000 
0000 -2.9368e+06 0000 
0000 0000 -2.9368e+06 


p1:
Element1
2.6335e+04 0000 0000 
0000 2.6335e+04 0000 
0000 0000 2.6335e+04 


p1:
Element2
-2.1298e+06 0000 0000 
0000 -2.1298e+06 0000 
0000 0000 -2.1298e+06 


p1:
Element3
1.0585e+07 0000 0000 
0000 1.0585e+07 0000 
0000 0000 1.0585e+07 


p1:
Element4
1.6550e+07 0000 0000 
0000 1.6550e+07 0000 
0000 0000 1.6550e+07 


p1:
Element1
7.3406e+06 0000 0000 
0000 7.3406e+06 0000 
0000 0000 7.3406e+06 


p1:
Element2
5.9850e+06 0000 0000 
0000 5.9850e+06 0000 
0000 0000 5.9850e+06 


p1:
Element3
1.3226e+06 0000 0000 
0000 1.3226e+06 0000 
0000 0000 1.3226e+06 


p1:
Element4
-1.6040e+07 0000 0000 
0000 -1.6040e+07 0000 
0000 0000 -1.6040e+07 


p1:
Element1
-3.1879e+06 0000 0000 
0000 -3.1879e+06 0000 
0000 0000 -3.1879e+06 


p1:
Element2
1.0619e+06 0000 0000 
0000 1.0619e+06 0000 
0000 0000 1.0619e+06 


p1:
Element3
-2.7399e+06 0000 0000 
0000 -2.7399e+06 0000 
0000 0000 -2.7399e+06 


p1:
Element4
3.7674e+06 0000 0000 
0000 3.7674e+06 0000 
0000 0000 3.7674e+06 


p1:
Element1
1.0072e+07 0000 0000 
0000 1.0072e+07 0000 
0000 0000 1.0072e+07 


p1:
Element2
4.1764e+06 0000 0000 
0000 4.1764e+06 0000 
0000 0000 4.1764e+06 


p1:
Element3
2.3503e+06 0000 0000 
0000 2.3503e+06 0000 
0000 0000 2.3503e+06 


p1:
Element4
1.1339e+07 0000 0000 
0000 1.1339e+07 0000 
0000 0000 1.1339e+07 


p1:
Element1
1.7650e+06 0000 0000 
0000 1.7650e+06 0000 
0000 0000 1.7650e+06 


p1:
Element2
-1.3433e+05 0000 0000 
0000 -1.3433e+05 0000 
0000 0000 -1.3433e+05 


p1:
Element3
-4.5482e+06 0000 0000 
0000 -4.5482e+06 0000 
0000 0000 -4.5482e+06 


p1:
Element4
-2.0934e+07 0000 0000 
0000 -2.0934e+07 0000 
0000 0000 -2.0934e+07 


p1:
Element1
-1.1062e+06 0000 0000 
0000 -1.1062e+06 0000 
0000 0000 -1.1062e+06 


p1:
Element2
4.9255e+06 0000 0000 
0000 4.9255e+06 0000 
0000 0000 4.9255e+06 


p1:
Element3
1.0639e+07 0000 0000 
0000 1.0639e+07 0000 
0000 0000 1.0639e+07 


p1:
Element4
1.5467e+07 0000 0000 
0000 1.5467e+07 0000 
0000 0000 1.5467e+07 


p1:
Element1
4.2355e+06 0000 0000 
0000 4.2355e+06 0000 
0000 0000 4.2355e+06 


p1:
Element2
-3.6571e+06 0000 0000 
0000 -3.6571e+06 0000 
0000 0000 -3.6571e+06 


p1:
Element3
-7.6048e+06 0000 0000 
0000 -7.6048e+06 0000 
0000 0000 -7.6048e+06 


p1:
Element4
2.8547e+06 0000 0000 
0000 2.8547e+06 0000 
0000 0000 2.8547e+06 


p1:
Element1
-5.3408e+06 0000 0000 
0000 -5.3408e+06 0000 
0000 0000 -5.3408e+06 


p1:
Element2
1.1883e+06 0000 0000 
0000 1.1883e+06 0000 
0000 0000 1.1883e+06 


p1:
Element3
5.0323e+06 0000 0000 
0000 5.0323e+06 0000 
0000 0000 5.0323e+06 


p1:
Element4
-6.9244e+06 0000 0000 
0000 -6.9244e+06 0000 
0000 0000 -6.9244e+06 


p1:
Element1
-3.2621e+06 0000 0000 
0000 -3.2621e+06 0000 
0000 0000 -3.2621e+06 


p1:
Element2
3.4592e+06 0000 0000 
0000 3.4592e+06 0000 
0000 0000 3.4592e+06 


p1:
Element3
1.2127e+07 0000 0000 
0000 1.2127e+07 0000 
0000 0000 1.2127e+07 


p1:
Element4
1.0903e+07 0000 0000 
0000 1.0903e+07 0000 
0000 0000 1.0903e+07 


p1:
Element1
4.3477e+06 0000 0000 
0000 4.3477e+06 0000 
0000 0000 4.3477e+06 


p1:
Element2
-7.4792e+06 0000 0000 
0000 -7.4792e+06 0000 
0000 0000 -7.4792e+06 


p1:
Element3
-1.7681e+07 0000 0000 
0000 -1.7681e+07 0000 
0000 0000 -1.7681e+07 


p1:
Element4
-4.4302e+06 0000 0000 
0000 -4.4302e+06 0000 
0000 0000 -4.4302e+06 


p1:
Element1
1.0424e+06 0000 0000 
0000 1.0424e+06 0000 
0000 0000 1.0424e+06 


p1:
Element2
8.1510e+06 0000 0000 
0000 8.1510e+06 0000 
0000 0000 8.1510e+06 


p1:
Element3
1.0251e+07 0000 0000 
0000 1.0251e+07 0000 
0000 0000 1.0251e+07 


p1:
Element4
1.0224e+07 0000 0000 
0000 1.0224e+07 0000 
0000 0000 1.0224e+07 


p1:
Element1
-2.1023e+06 0000 0000 
0000 -2.1023e+06 0000 
0000 0000 -2.1023e+06 


p1:
Element2
-3.2428e+06 0000 0000 
0000 -3.2428e+06 0000 
0000 0000 -3.2428e+06 


p1:
Element3
2.0989e+06 0000 0000 
0000 2.0989e+06 0000 
0000 0000 2.0989e+06 


p1:
Element4
-5.4238e+06 0000 0000 
0000 -5.4238e+06 0000 
0000 0000 -5.4238e+06 


p1:
Element1
7.0942e+06 0000 0000 
0000 7.0942e+06 0000 
0000 0000 7.0942e+06 


p1:
Element2
-1.4849e+06 0000 0000 
0000 -1.4849e+06 0000 
0000 0000 -1.4849e+06 


p1:
Element3
-5.6020e+06 0000 0000 
0000 -5.6020e+06 0000 
0000 0000 -5.6020e+06 


p1:
Element4
1.0202e+06 0000 0000 
0000 1.0202e+06 0000 
0000 0000 1.0202e+06 


p1:
Element1
-5.1892e+06 0000 0000 
0000 -5.1892e+06 0000 
0000 0000 -5.1892e+06 


p1:
Element2
1.0053e+07 0000 0000 
0000 1.0053e+07 0000 
0000 0000 1.0053e+07 


p1:
Element3
1.1038e+07 0000 0000 
0000 1.1038e+07 0000 
0000 0000 1.1038e+07 


p1:
Element4
9.6828e+06 0000 0000 
0000 9.6828e+06 0000 
0000 0000 9.6828e+06 


p1:
Element1
1.8635e+06 0000 0000 
0000 1.8635e+06 0000 
0000 0000 1.8635e+06 


p1:
Element2
-1.8967e+06 0000 0000 
0000 -1.8967e+06 0000 
0000 0000 -1.8967e+06 


p1:
Element3
-3.7113e+06 0000 0000 
0000 -3.7113e+06 0000 
0000 0000 -3.7113e+06 


p1:
Element4
-1.7956e+07 0000 0000 
0000 -1.7956e+07 0000 
0000 0000 -1.7956e+07 


p1:
Element1
1.2997e+07 0000 0000 
0000 1.2997e+07 0000 
0000 0000 1.2997e+07 


p1:
Element2
1.8062e+06 0000 0000 
0000 1.8062e+06 0000 
0000 0000 1.8062e+06 


p1:
Element3
4.0852e+06 0000 0000 
0000 4.0852e+06 0000 
0000 0000 4.0852e+06 


p1:
Element4
1.2910e+07 0000 0000 
0000 1.2910e+07 0000 
0000 0000 1.2910e+07 


p1:
Element1
-5.1432e+06 0000 0000 
0000 -5.1432e+06 0000 
0000 0000 -5.1432e+06 


p1:
Element2
2.1577e+06 0000 0000 
0000 2.1577e+06 0000 
0000 0000 2.1577e+06 


p1:
Element3
-4.5951e+06 0000 0000 
0000 -4.5951e+06 0000 
0000 0000 -4.5951e+06 


p1:
Element4
1.4779e+06 0000 0000 
0000 1.4779e+06 0000 
0000 0000 1.4779e+06 


p1:
Element1
9.1049e+06 0000 0000 
0000 9.1049e+06 0000 
0000 0000 9.1049e+06 


p1:
Element2
6.2816e+06 0000 0000 
0000 6.2816e+06 0000 
0000 0000 6.2816e+06 


p1:
Element3
-4.7911e+05 0000 0000 
0000 -4.7911e+05 0000 
0000 0000 -4.7911e+05 


p1:
Element4
-1.1349e+07 0000 0000 
0000 -1.1349e+07 0000 
0000 0000 -1.1349e+07 


p1:
Element1
-3.7298e+06 0000 0000 
0000 -3.7298e+06 0000 
0000 0000 -3.7298e+06 


p1:
Element2
-6.0091e+06 0000 0000 
0000 -6.0091e+06 0000 
0000 0000 -6.0091e+06 


p1:
Element3
9.5234e+06 0000 0000 
0000 9.5234e+06 0000 
0000 0000 9.5234e+06 


p1:
Element4
1.4454e+07 0000 0000 
0000 1.4454e+07 0000 
0000 0000 1.4454e+07 


p1:
Element1
-6.8709e+06 0000 0000 
0000 -6.8709e+06 0000 
0000 0000 -6.8709e+06 


p1:
Element2
3.3799e+04 0000 0000 
0000 3.3799e+04 0000 
0000 0000 3.3799e+04 


p1:
Element3
-5.1032e+06 0000 0000 
0000 -5.1032e+06 0000 
0000 0000 -5.1032e+06 


p1:
Element4
-4.3300e+06 0000 0000 
0000 -4.3300e+06 0000 
0000 0000 -4.3300e+06 


p1:
Element1
7.4857e+06 0000 0000 
0000 7.4857e+06 0000 
0000 0000 7.4857e+06 


p1:
Element2
1.0187e+07 0000 0000 
0000 1.0187e+07 0000 
0000 0000 1.0187e+07 


p1:
Element3
5.6372e+06 0000 0000 
0000 5.6372e+06 0000 
0000 0000 5.6372e+06 


p1:
Element4
2.0816e+06 0000 0000 
0000 2.0816e+06 0000 
0000 0000 2.0816e+06 


p1:
Element1
-9.7301e+06 0000 0000 
0000 -9.7301e+06 0000 
0000 0000 -9.7301e+06 


p1:
Element2
-1.5783e+07 0000 0000 
0000 -1.5783e+07 0000 
0000 0000 -1.5783e+07 


p1:
Element3
1.6359e+06 0000 0000 
0000 1.6359e+06 0000 
0000 0000 1.6359e+06 


p1:
Element4
9.6659e+06 0000 0000 
0000 9.6659e+06 0000 
0000 0000 9.6659e+06 


p1:
Element1
1.0131e+07 0000 0000 
0000 1.0131e+07 0000 
0000 0000 1.0131e+07 


p1:
Element2
7.6318e+06 0000 0000 
0000 7.6318e+06 0000 
0000 0000 7.6318e+06 


p1:
Element3
-2.7973e+06 0000 0000 
0000 -2.7973e+06 0000 
0000 0000 -2.7973e+06 


p1:
Element4
-4.8047e+06 0000 0000 
0000 -4.8047e+06 0000 
0000 0000 -4.8047e+06 


p1:
Element1
-2.2853e+06 0000 0000 
0000 -2.2853e+06 0000 
0000 0000 -2.2853e+06 


p1:
Element2
7.8956e+06 0000 0000 
0000 7.8956e+06 0000 
0000 0000 7.8956e+06 


p1:
Element3
6.4526e+05 0000 0000 
0000 6.4526e+05 0000 
0000 0000 6.4526e+05 


p1:
Element4
1.9611e+06 0000 0000 
0000 1.9611e+06 0000 
0000 0000 1.9611e+06 


p1:
Element1
-3.0111e+06 0000 0000 
0000 -3.0111e+06 0000 
0000 0000 -3.0111e+06 


p1:
Element2
-1.0138e+07 0000 0000 
0000 -1.0138e+07 0000 
0000 0000 -1.0138e+07 


p1:
Element3
8.6607e+05 0000 0000 
0000 8.6607e+05 0000 
0000 0000 8.6607e+05 


p1:
Element4
4.1543e+06 0000 0000 
0000 4.1543e+06 0000 
0000 0000 4.1543e+06 


p1:
Element1
1.4359e+07 0000 0000 
0000 1.4359e+07 0000 
0000 0000 1.4359e+07 


p1:
Element2
8.9841e+06 0000 0000 
0000 8.9841e+06 0000 
0000 0000 8.9841e+06 


p1:
Element3
5.5584e+06 0000 0000 
0000 5.5584e+06 0000 
0000 0000 5.5584e+06 


p1:
Element4
-4.4259e+06 0000 0000 
0000 -4.4259e+06 0000 
0000 0000 -4.4259e+06 


p1:
Element1
-1.2324e+07 0000 0000 
0000 -1.2324e+07 0000 
0000 0000 -1.2324e+07 


p1:
Element2
1.9478e+06 0000 0000 
0000 1.9478e+06 0000 
0000 0000 1.9478e+06 


p1:
Element3
-5.1277e+05 0000 0000 
0000 -5.1277e+05 0000 
0000 0000 -5.1277e+05 


p1:
Element4
9.9413e+05 0000 0000 
0000 9.9413e+05 0000 
0000 0000 9.9413e+05 


p1:
Element1
1.2461e+07 0000 0000 
0000 1.2461e+07 0000 
0000 0000 1.2461e+07 


p1:
Element2
2.1310e+06 0000 0000 
0000 2.1310e+06 0000 
0000 0000 2.1310e+06 


p1:
Element3
1.3020e+06 0000 0000 
0000 1.3020e+06 0000 
0000 0000 1.3020e+06 


p1:
Element4
4.6126e+06 0000 0000 
0000 4.6126e+06 0000 
0000 0000 4.6126e+06 


p1:
Element1
3.6870e+06 0000 0000 
0000 3.6870e+06 0000 
0000 0000 3.6870e+06 


p1:
Element2
-2.0057e+05 0000 0000 
0000 -2.0057e+05 0000 
0000 0000 -2.0057e+05 


p1:
Element3
4.8305e+05 0000 0000 
0000 4.8305e+05 0000 
0000 0000 4.8305e+05 


p1:
Element4
-7.8366e+06 0000 0000 
0000 -7.8366e+06 0000 
0000 0000 -7.8366e+06 


p1:
Element1
-7.5885e+06 0000 0000 
0000 -7.5885e+06 0000 
0000 0000 -7.5885e+06 


p1:
Element2
4.3925e+06 0000 0000 
0000 4.3925e+06 0000 
0000 0000 4.3925e+06 


p1:
Element3
1.6087e+06 0000 0000 
0000 1.6087e+06 0000 
0000 0000 1.6087e+06 


p1:
Element4
3.6961e+06 0000 0000 
0000 3.6961e+06 0000 
0000 0000 3.6961e+06 


p1:
Element1
1.5580e+07 0000 0000 
0000 1.5580e+07 0000 
0000 0000 1.5580e+07 


p1:
Element2
2.7065e+06 0000 0000 
0000 2.7065e+06 0000 
0000 0000 2.7065e+06 


p1:
Element3
-3.8996e+06 0000 0000 
0000 -3.8996e+06 0000 
0000 0000 -3.8996e+06 


p1:
Element4
5.3948e+06 0000 0000 
0000 5.3948e+06 0000 
0000 0000 5.3948e+06 


p1:
Element1
-1.2076e+07 0000 0000 
0000 -1.2076e+07 0000 
0000 0000 -1.2076e+07 


p1:
Element2
-1.0055e+07 0000 0000 
0000 -1.0055e+07 0000 
0000 0000 -1.0055e+07 


p1:
Element3
3.0312e+06 0000 0000 
0000 3.0312e+06 0000 
0000 0000 3.0312e+06 


p1:
Element4
-4.4015e+05 0000 0000 
0000 -4.4015e+05 0000 
0000 0000 -4.4015e+05 


p1:
Element1
-1.1417e+06 0000 0000 
0000 -1.1417e+06 0000 
0000 0000 -1.1417e+06 


p1:
Element2
1.0148e+07 0000 0000 
0000 1.0148e+07 0000 
0000 0000 1.0148e+07 


p1:
Element3
1.1888e+07 0000 0000 
0000 1.1888e+07 0000 
0000 0000 1.1888e+07 


p1:
Element4
3.8834e+06 0000 0000 
0000 3.8834e+06 0000 
0000 0000 3.8834e+06 


p1:
Element1
2.3627e+06 0000 0000 
0000 2.3627e+06 0000 
0000 0000 2.3627e+06 


p1:
Element2
-3.9358e+06 0000 0000 
0000 -3.9358e+06 0000 
0000 0000 -3.9358e+06 


p1:
Element3
-1.1190e+07 0000 0000 
0000 -1.1190e+07 0000 
0000 0000 -1.1190e+07 


p1:
Element4
-1.2019e+06 0000 0000 
0000 -1.2019e+06 0000 
0000 0000 -1.2019e+06 


p1:
Element1
-6.0580e+06 0000 0000 
0000 -6.0580e+06 0000 
0000 0000 -6.0580e+06 


p1:
Element2
-3.0151e+06 0000 0000 
0000 -3.0151e+06 0000 
0000 0000 -3.0151e+06 


p1:
Element3
6.7563e+06 0000 0000 
0000 6.7563e+06 0000 
0000 0000 6.7563e+06 


p1:
Element4
1.0437e+07 0000 0000 
0000 1.0437e+07 0000 
0000 0000 1.0437e+07 


p1:
Element1
1.0230e+07 0000 0000 
0000 1.0230e+07 0000 
0000 0000 1.0230e+07 


p1:
Element2
8.4634e+06 0000 0000 
0000 8.4634e+06 0000 
0000 0000 8.4634e+06 


p1:
Element3
3.5663e+06 0000 0000 
0000 3.5663e+06 0000 
0000 0000 3.5663e+06 


p1:
Element4
-8.3862e+06 0000 0000 
0000 -8.3862e+06 0000 
0000 0000 -8.3862e+06 


p1:
Element1
-8.8374e+04 0000 0000 
0000 -8.8374e+04 0000 
0000 0000 -8.8374e+04 


p1:
Element2
-6.1266e+06 0000 0000 
0000 -6.1266e+06 0000 
0000 0000 -6.1266e+06 


p1:
Element3
-1.0451e+07 0000 0000 
0000 -1.0451e+07 0000 
0000 0000 -1.0451e+07 


p1:
Element4
2.0933e+06 0000 0000 
0000 2.0933e+06 0000 
0000 0000 2.0933e+06 


p1:
Element1
2.6795e+06 0000 0000 
0000 2.6795e+06 0000 
0000 0000 2.6795e+06 


p1:
Element2
7.2417e+06 0000 0000 
0000 7.2417e+06 0000 
0000 0000 7.2417e+06 


p1:
Element3
1.0511e+07 0000 0000 
0000 1.0511e+07 0000 
0000 0000 1.0511e+07 


p1:
Element4
1.3552e+07 0000 0000 
0000 1.3552e+07 0000 
0000 0000 1.3552e+07 


p1:
Element1
1.0647e+06 0000 0000 
0000 1.0647e+06 0000 
0000 0000 1.0647e+06 


p1:
Element2
2.8176e+06 0000 0000 
0000 2.8176e+06 0000 
0000 0000 2.8176e+06 


p1:
Element3
-9.1529e+05 0000 0000 
0000 -9.1529e+05 0000 
0000 0000 -9.1529e+05 


p1:
Element4
-2.3550e+07 0000 0000 
0000 -2.3550e+07 0000 
0000 0000 -2.3550e+07 


p1:
Element1
-3.0265e+05 0000 0000 
0000 -3.0265e+05 0000 
0000 0000 -3.0265e+05 


p1:
Element2
-2.3102e+05 0000 0000 
0000 -2.3102e+05 0000 
0000 0000 -2.3102e+05 


p1:
Element3
5.7838e+06 0000 0000 
0000 5.7838e+06 0000 
0000 0000 5.7838e+06 


p1:
Element4
1.4017e+07 0000 0000 
0000 1.4017e+07 0000 
0000 0000 1.4017e+07 


p1:
Element1
7.1239e+06 0000 0000 
0000 7.1239e+06 0000 
0000 0000 7.1239e+06 


p1:
Element2
3.5022e+06 0000 0000 
0000 3.5022e+06 0000 
0000 0000 3.5022e+06 


p1:
Element3
-3.2280e+06 0000 0000 
0000 -3.2280e+06 0000 
0000 0000 -3.2280e+06 


p1:
Element4
5.1862e+06 0000 0000 
0000 5.1862e+06 0000 
0000 0000 5.1862e+06 


p1:
Element1
1.3041e+06 0000 0000 
0000 1.3041e+06 0000 
0000 0000 1.3041e+06 


p1:
Element2
1.3782e+06 0000 0000 
0000 1.3782e+06 0000 
0000 0000 1.3782e+06 


p1:
Element3
-3.0984e+06 0000 0000 
0000 -3.0984e+06 0000 
0000 0000 -3.0984e+06 


p1:
Element4
-1.5831e+07 0000 0000 
0000 -1.5831e+07 0000 
0000 0000 -1.5831e+07 


p1:
Element1
7.5578e+05 0000 0000 
0000 7.5578e+05 0000 
0000 0000 7.5578e+05 


p1:
Element2
3.6445e+05 0000 0000 
0000 3.6445e+05 0000 
0000 0000 3.6445e+05 


p1:
Element3
1.1452e+07 0000 0000 
0000 1.1452e+07 0000 
0000 0000 1.1452e+07 


p1:
Element4
1.8662e+07 0000 0000 
0000 1.8662e+07 0000 
0000 0000 1.8662e+07 


p1:
Element1
-2.4716e+05 0000 0000 
0000 -2.4716e+05 0000 
0000 0000 -2.4716e+05 


p1:
Element2
-3.7710e+06 0000 0000 
0000 -3.7710e+06 0000 
0000 0000 -3.7710e+06 


p1:
Element3
-1.3455e+07 0000 0000 
0000 -1.3455e+07 0000 
0000 0000 -1.3455e+07 


p1:
Element4
-7.0842e+06 0000 0000 
0000 -7.0842e+06 0000 
0000 0000 -7.0842e+06 


p1:
Element1
-3.3718e+06 0000 0000 
0000 -3.3718e+06 0000 
0000 0000 -3.3718e+06 


p1:
Element2
8.6283e+06 0000 0000 
0000 8.6283e+06 0000 
0000 0000 8.6283e+06 


p1:
Element3
1.1091e+07 0000 0000 
0000 1.1091e+07 0000 
0000 0000 1.1091e+07 


p1:
Element4
3.5183e+06 0000 0000 
0000 3.5183e+06 0000 
0000 0000 3.5183e+06 


p1:
Element1
-4.2837e+06 0000 0000 
0000 -4.2837e+06 0000 
0000 0000 -4.2837e+06 


p1:
Element2
-8.0979e+06 0000 0000 
0000 -8.0979e+06 0000 
0000 0000 -8.0979e+06 


p1:
Element3
6.4128e+06 0000 0000 
0000 6.4128e+06 0000 
0000 0000 6.4128e+06 


p1:
Element4
7.2001e+06 0000 0000 
0000 7.2001e+06 0000 
0000 0000 7.2001e+06 


p1:
Element1
6.2189e+06 0000 0000 
0000 6.2189e+06 0000 
0000 0000 6.2189e+06 


p1:
Element2
-2.1682e+06 0000 0000 
0000 -2.1682e+06 0000 
0000 0000 -2.1682e+06 


p1:
Element3
-9.7336e+06 0000 0000 
0000 -9.7336e+06 0000 
0000 0000 -9.7336e+06 


p1:
Element4
-4.2022e+06 0000 0000 
0000 -4.2022e+06 0000 
0000 0000 -4.2022e+06 


p1:
Element1
-2.3943e+06 0000 0000 
0000 -2.3943e+06 0000 
0000 0000 -2.3943e+06 


p1:
Element2
1.2766e+07 0000 0000 
0000 1.2766e+07 0000 
0000 0000 1.2766e+07 


p1:
Element3
9.7893e+06 0000 0000 
0000 9.7893e+06 0000 
0000 0000 9.7893e+06 


p1:
Element4
1.0092e+07 0000 0000 
0000 1.0092e+07 0000 
0000 0000 1.0092e+07 


p1:
Element1
1.4112e+06 0000 0000 
0000 1.4112e+06 0000 
0000 0000 1.4112e+06 


p1:
Element2
-8.2276e+06 0000 0000 
0000 -8.2276e+06 0000 
0000 0000 -8.2276e+06 


p1:
Element3
-6.7367e+06 0000 0000 
0000 -6.7367e+06 0000 
0000 0000 -6.7367e+06 


p1:
Element4
-1.0803e+07 0000 0000 
0000 -1.0803e+07 0000 
0000 0000 -1.0803e+07 


p1:
Element1
1.2375e+07 0000 0000 
0000 1.2375e+07 0000 
0000 0000 1.2375e+07 


p1:
Element2
4.6240e+06 0000 0000 
0000 4.6240e+06 0000 
0000 0000 4.6240e+06 


p1:
Element3
3.9883e+06 0000 0000 
0000 3.9883e+06 0000 
0000 0000 3.9883e+06 


p1:
Element4
5.9717e+06 0000 0000 
0000 5.9717e+06 0000 
0000 0000 5.9717e+06 


p1:
Element1
-8.9483e+06 0000 0000 
0000 -8.9483e+06 0000 
0000 0000 -8.9483e+06 


p1:
Element2
6.0045e+06 0000 0000 
0000 6.0045e+06 0000 
0000 0000 6.0045e+06 


p1:
Element3
2.0252e+06 0000 0000 
0000 2.0252e+06 0000 
0000 0000 2.0252e+06 


p1:
Element4
1.8932e+06 0000 0000 
0000 1.8932e+06 0000 
0000 0000 1.8932e+06 


p1:
Element1
1.0004e+07 0000 0000 
0000 1.0004e+07 0000 
0000 0000 1.0004e+07 


p1:
Element2
3.0311e+05 0000 0000 
0000 3.0311e+05 0000 
0000 0000 3.0311e+05 


p1:
Element3
-1.8479e+06 0000 0000 
0000 -1.8479e+06 0000 
0000 0000 -1.8479e+06 


p1:
Element4
-7.7566e+06 0000 0000 
0000 -7.7566e+06 0000 
0000 0000 -7.7566e+06 


p1:
Element1
7.7215e+05 0000 0000 
0000 7.7215e+05 0000 
0000 0000 7.7215e+05 


p1:
Element2
-1.2806e+06 0000 0000 
0000 -1.2806e+06 0000 
0000 0000 -1.2806e+06 


p1:
Element3
1.0129e+07 0000 0000 
0000 1.0129e+07 0000 
0000 0000 1.0129e+07 


p1:
Element4
1.0283e+07 0000 0000 
0000 1.0283e+07 0000 
0000 0000 1.0283e+07 


p1:
Element1
-7.0528e+06 0000 0000 
0000 -7.0528e+06 0000 
0000 0000 -7.0528e+06 


p1:
Element2
4.0314e+06 0000 0000 
0000 4.0314e+06 0000 
0000 0000 4.0314e+06 


p1:
Element3
-5.7020e+06 0000 0000 
0000 -5.7020e+06 0000 
0000 0000 -5.7020e+06 


p1:
Element4
-8.0616e+06 0000 0000 
0000 -8.0616e+06 0000 
0000 0000 -8.0616e+06 


p1:
Element1
1.4718e+07 0000 0000 
0000 1.4718e+07 0000 
0000 0000 1.4718e+07 


p1:
Element2
6.9633e+06 0000 0000 
0000 6.9633e+06 0000 
0000 0000 6.9633e+06 


p1:
Element3
-5.6530e+05 0000 0000 
0000 -5.6530e+05 0000 
0000 0000 -5.6530e+05 


p1:
Element4
4.0274e+06 0000 0000 
0000 4.0274e+06 0000 
0000 0000 4.0274e+06 


p1:
Element1
-9.9134e+06 0000 0000 
0000 -9.9134e+06 0000 
0000 0000 -9.9134e+06 


p1:
Element2
-1.4170e+07 0000 0000 
0000 -1.4170e+07 0000 
0000 0000 -1.4170e+07 


p1:
Element3
2.5134e+06 0000 0000 
0000 2.5134e+06 0000 
0000 0000 2.5134e+06 


p1:
Element4
9.0082e+06 0000 0000 
0000 9.0082e+06 0000 
0000 0000 9.0082e+06 


p1:
Element1
4.8525e+06 0000 0000 
0000 4.8525e+06 0000 
0000 0000 4.8525e+06 


p1:
Element2
9.2567e+06 0000 0000 
0000 9.2567e+06 0000 
0000 0000 9.2567e+06 


p1:
Element3
1.6651e+06 0000 0000 
0000 1.6651e+06 0000 
0000 0000 1.6651e+06 


p1:
Element4
-6.5329e+06 0000 0000 
0000 -6.5329e+06 0000 
0000 0000 -6.5329e+06 


p1:
Element1
-3.0205e+06 0000 0000 
0000 -3.0205e+06 0000 
0000 0000 -3.0205e+06 


p1:
Element2
1.9606e+06 0000 0000 
0000 1.9606e+06 0000 
0000 0000 1.9606e+06 


p1:
Element3
7.8431e+05 0000 0000 
0000 7.8431e+05 0000 
0000 0000 7.8431e+05 


p1:
Element4
7.5666e+06 0000 0000 
0000 7.5666e+06 0000 
0000 0000 7.5666e+06 


p1:
Element1
-8.8746e+06 0000 0000 
0000 -8.8746e+06 0000 
0000 0000 -8.8746e+06 


p1:
Element2
-1.0306e+07 0000 0000 
0000 -1.0306e+07 0000 
0000 0000 -1.0306e+07 


p1:
Element3
2.8666e+06 0000 0000 
0000 2.8666e+06 0000 
0000 0000 2.8666e+06 


p1:
Element4
5.4490e+06 0000 0000 
0000 5.4490e+06 0000 
0000 0000 5.4490e+06 


p1:
Element1
1.2858e+07 0000 0000 
0000 1.2858e+07 0000 
0000 0000 1.2858e+07 


p1:
Element2
1.2464e+07 0000 0000 
0000 1.2464e+07 0000 
0000 0000 1.2464e+07 


p1:
Element3
5.4251e+06 0000 0000 
0000 5.4251e+06 0000 
0000 0000 5.4251e+06 


p1:
Element4
-8.9861e+06 0000 0000 
0000 -8.9861e+06 0000 
0000 0000 -8.9861e+06 


p1:
Element1
-7.5299e+06 0000 0000 
0000 -7.5299e+06 0000 
0000 0000 -7.5299e+06 


p1:
Element2
-4.2638e+06 0000 0000 
0000 -4.2638e+06 0000 
0000 0000 -4.2638e+06 


p1:
Element3
-6.2058e+06 0000 0000 
0000 -6.2058e+06 0000 
0000 0000 -6.2058e+06 


p1:
Element4
6.5556e+06 0000 0000 
0000 6.5556e+06 0000 
0000 0000 6.5556e+06 


p1:
Element1
1.3958e+07 0000 0000 
0000 1.3958e+07 0000 
0000 0000 1.3958e+07 


p1:
Element2
2.6312e+06 0000 0000 
0000 2.6312e+06 0000 
0000 0000 2.6312e+06 


p1:
Element3
3.0438e+05 0000 0000 
0000 3.0438e+05 0000 
0000 0000 3.0438e+05 


p1:
Element4
6.7178e+06 0000 0000 
0000 6.7178e+06 0000 
0000 0000 6.7178e+06 


p1:
Element1
1.8030e+06 0000 0000 
0000 1.8030e+06 0000 
0000 0000 1.8030e+06 


p1:
Element2
4.5148e+06 0000 0000 
0000 4.5148e+06 0000 
0000 0000 4.5148e+06 


p1:
Element3
2.9337e+06 0000 0000 
0000 2.9337e+06 0000 
0000 0000 2.9337e+06 


p1:
Element4
-1.4789e+07 0000 0000 
0000 -1.4789e+07 0000 
0000 0000 -1.4789e+07 


p1:
Element1
-7.9254e+06 0000 0000 
0000 -7.9254e+06 0000 
0000 0000 -7.9254e+06 


p1:
Element2
1.0309e+06 0000 0000 
0000 1.0309e+06 0000 
0000 0000 1.0309e+06 


p1:
Element3
4.4851e+06 0000 0000 
0000 4.4851e+06 0000 
0000 0000 4.4851e+06 


p1:
Element4
7.7532e+06 0000 0000 
0000 7.7532e+06 0000 
0000 0000 7.7532e+06 


p1:
Element1
1.4534e+07 0000 0000 
0000 1.4534e+07 0000 
0000 0000 1.4534e+07 


p1:
Element2
4.4721e+06 0000 0000 
0000 4.4721e+06 0000 
0000 0000 4.4721e+06 


p1:
Element3
-2.8152e+06 0000 0000 
0000 -2.8152e+06 0000 
0000 0000 -2.8152e+06 


p1:
Element4
3.0552e+06 0000 0000 
0000 3.0552e+06 0000 
0000 0000 3.0552e+06 


p1:
Element1
-1.0209e+07 0000 0000 
0000 -1.0209e+07 0000 
0000 0000 -1.0209e+07 


p1:
Element2
-3.5408e+06 0000 0000 
0000 -3.5408e+06 0000 
0000 0000 -3.5408e+06 


p1:
Element3
3.3431e+06 0000 0000 
0000 3.3431e+06 0000 
0000 0000 3.3431e+06 


p1:
Element4
-6.7936e+06 0000 0000 
0000 -6.7936e+06 0000 
0000 0000 -6.7936e+06 


p1:
Element1
6.2325e+06 0000 0000 
0000 6.2325e+06 0000 
0000 0000 6.2325e+06 


p1:
Element2
5.5735e+06 0000 0000 
0000 5.5735e+06 0000 
0000 0000 5.5735e+06 


p1:
Element3
8.0574e+06 0000 0000 
0000 8.0574e+06 0000 
0000 0000 8.0574e+06 


p1:
Element4
9.1064e+06 0000 0000 
0000 9.1064e+06 0000 
0000 0000 9.1064e+06 


p1:
Element1
4.4368e+06 0000 0000 
0000 4.4368e+06 0000 
0000 0000 4.4368e+06 


p1:
Element2
-5.3522e+06 0000 0000 
0000 -5.3522e+06 0000 
0000 0000 -5.3522e+06 


p1:
Element3
-1.5273e+07 0000 0000 
0000 -1.5273e+07 0000 
0000 0000 -1.5273e+07 


p1:
Element4
-2.0485e+06 0000 0000 
0000 -2.0485e+06 0000 
0000 0000 -2.0485e+06 


p1:
Element1
-9.2933e+06 0000 0000 
0000 -9.2933e+06 0000 
0000 0000 -9.2933e+06 


p1:
Element2
4.1161e+06 0000 0000 
0000 4.1161e+06 0000 
0000 0000 4.1161e+06 


p1:
Element3
1.0414e+07 0000 0000 
0000 1.0414e+07 0000 
0000 0000 1.0414e+07 


p1:
Element4
7.1964e+06 0000 0000 
0000 7.1964e+06 0000 
0000 0000 7.1964e+06 


p1:
Element1
5.2032e+06 0000 0000 
0000 5.2032e+06 0000 
0000 0000 5.2032e+06 


p1:
Element2
1.0717e+06 0000 0000 
0000 1.0717e+06 0000 
0000 0000 1.0717e+06 


p1:
Element3
3.9406e+06 0000 0000 
0000 3.9406e+06 0000 
0000 0000 3.9406e+06 


p1:
Element4
-4.8690e+06 0000 0000 
0000 -4.8690e+06 0000 
0000 0000 -4.8690e+06 


p1:
Element1
-3.5677e+06 0000 0000 
0000 -3.5677e+06 0000 
0000 0000 -3.5677e+06 


p1:
Element2
-8.6246e+06 0000 0000 
0000 -8.6246e+06 0000 
0000 0000 -8.6246e+06 


p1:
Element3
-6.6225e+06 0000 0000 
0000 -6.6225e+06 0000 
0000 0000 -6.6225e+06 


p1:
Element4
5.9547e+06 0000 0000 
0000 5.9547e+06 0000 
0000 0000 5.9547e+06 


p1:
Element1
-2.8723e+05 0000 0000 
0000 -2.8723e+05 0000 
0000 0000 -2.8723e+05 


p1:
Element2
1.1738e+07 0000 0000 
0000 1.1738e+07 0000 
0000 0000 1.1738e+07 


p1:
Element3
1.1871e+07 0000 0000 
0000 1.1871e+07 0000 
0000 0000 1.1871e+07 


p1:
Element4
1.0733e+07 0000 0000 
0000 1.0733e+07 0000 
0000 0000 1.0733e+07 


p1:
Element1
3.1751e+06 0000 0000 
0000 3.1751e+06 0000 
0000 0000 3.1751e+06 


p1:
Element2
-3.4992e+06 0000 0000 
0000 -3.4992e+06 0000 
0000 0000 -3.4992e+06 


p1:
Element3
-6.6466e+06 0000 0000 
0000 -6.6466e+06 0000 
0000 0000 -6.6466e+06 


p1:
Element4
-1.9607e+07 0000 0000 
0000 -1.9607e+07 0000 
0000 0000 -1.9607e+07 


p1:
Element1
3.9153e+06 0000 0000 
0000 3.9153e+06 0000 
0000 0000 3.9153e+06 


p1:
Element2
1.9071e+05 0000 0000 
0000 1.9071e+05 0000 
0000 0000 1.9071e+05 


p1:
Element3
5.8233e+06 0000 0000 
0000 5.8233e+06 0000 
0000 0000 5.8233e+06 


p1:
Element4
1.6829e+07 0000 0000 
0000 1.6829e+07 0000 
0000 0000 1.6829e+07 


p1:
Element1
4.1079e+06 0000 0000 
0000 4.1079e+06 0000 
0000 0000 4.1079e+06 


p1:
Element2
8.4449e+06 0000 0000 
0000 8.4449e+06 0000 
0000 0000 8.4449e+06 


p1:
Element3
-5.1409e+06 0000 0000 
0000 -5.1409e+06 0000 
0000 0000 -5.1409e+06 


p1:
Element4
-5.3997e+06 0000 0000 
0000 -5.3997e+06 0000 
0000 0000 -5.3997e+06 


p1:
Element1
4.6288e+06 0000 0000 
0000 4.6288e+06 0000 
0000 0000 4.6288e+06 


p1:
Element2
8.2943e+05 0000 0000 
0000 8.2943e+05 0000 
0000 0000 8.2943e+05 


p1:
Element3
-6.7704e+05 0000 0000 
0000 -6.7704e+05 0000 
0000 0000 -6.7704e+05 


p1:
Element4
-8.9345e+06 0000 0000 
0000 -8.9345e+06 0000 
0000 0000 -8.9345e+06 


p1:
Element1
6.4667e+05 0000 0000 
0000 6.4667e+05 0000 
0000 0000 6.4667e+05 


p1:
Element2
-2.6972e+06 0000 0000 
0000 -2.6972e+06 0000 
0000 0000 -2.6972e+06 


p1:
Element3
1.3061e+07 0000 0000 
0000 1.3061e+07 0000 
0000 0000 1.3061e+07 


p1:
Element4
1.8083e+07 0000 0000 
0000 1.8083e+07 0000 
0000 0000 1.8083e+07 


p1:
Element1
-1.4678e+06 0000 0000 
0000 -1.4678e+06 0000 
0000 0000 -1.4678e+06 


p1:
Element2
3.1566e+06 0000 0000 
0000 3.1566e+06 0000 
0000 0000 3.1566e+06 


p1:
Element3
-1.0368e+07 0000 0000 
0000 -1.0368e+07 0000 
0000 0000 -1.0368e+07 


p1:
Element4
-1.5942e+07 0000 0000 
0000 -1.5942e+07 0000 
0000 0000 -1.5942e+07 


p1:
Element1
6.8044e+05 0000 0000 
0000 6.8044e+05 0000 
0000 0000 6.8044e+05 


p1:
Element2
8.8723e+06 0000 0000 
0000 8.8723e+06 0000 
0000 0000 8.8723e+06 


p1:
Element3
9.9445e+06 0000 0000 
0000 9.9445e+06 0000 
0000 0000 9.9445e+06 


p1:
Element4
9.8761e+06 0000 0000 
0000 9.8761e+06 0000 
0000 0000 9.8761e+06 


p1:
Element1
-2.6297e+06 0000 0000 
0000 -2.6297e+06 0000 
0000 0000 -2.6297e+06 


p1:
Element2
-1.3229e+07 0000 0000 
0000 -1.3229e+07 0000 
0000 0000 -1.3229e+07 


p1:
Element3
-1.5418e+06 0000 0000 
0000 -1.5418e+06 0000 
0000 0000 -1.5418e+06 


p1:
Element4
3.9398e+06 0000 0000 
0000 3.9398e+06 0000 
0000 0000 3.9398e+06 


p1:
Element1
8.0797e+06 0000 0000 
0000 8.0797e+06 0000 
0000 0000 8.0797e+06 


p1:
Element2
5.9220e+06 0000 0000 
0000 5.9220e+06 0000 
0000 0000 5.9220e+06 


p1:
Element3
-4.1165e+06 0000 0000 
0000 -4.1165e+06 0000 
0000 0000 -4.1165e+06 


p1:
Element4
-5.8226e+06 0000 0000 
0000 -5.8226e+06 0000 
0000 0000 -5.8226e+06 


p1:
Element1
-6.5494e+06 0000 0000 
0000 -6.5494e+06 0000 
0000 0000 -6.5494e+06 


p1:
Element2
4.9113e+06 0000 0000 
0000 4.9113e+06 0000 
0000 0000 4.9113e+06 


p1:
Element3
6.0163e+06 0000 0000 
0000 6.0163e+06 0000 
0000 0000 6.0163e+06 


p1:
Element4
1.4206e+07 0000 0000 
0000 1.4206e+07 0000 
0000 0000 1.4206e+07 


p1:
Element1
5.2286e+05 0000 0000 
0000 5.2286e+05 0000 
0000 0000 5.2286e+05 


p1:
Element2
-1.0976e+07 0000 0000 
0000 -1.0976e+07 0000 
0000 0000 -1.0976e+07 


p1:
Element3
-5.3693e+06 0000 0000 
0000 -5.3693e+06 0000 
0000 0000 -5.3693e+06 


p1:
Element4
-5.9127e+06 0000 0000 
0000 -5.9127e+06 0000 
0000 0000 -5.9127e+06 


p1:
Element1
3.0677e+06 0000 0000 
0000 3.0677e+06 0000 
0000 0000 3.0677e+06 


p1:
Element2
9.5512e+06 0000 0000 
0000 9.5512e+06 0000 
0000 0000 9.5512e+06 


p1:
Element3
1.2446e+07 0000 0000 
0000 1.2446e+07 0000 
0000 0000 1.2446e+07 


p1:
Element4
2.5518e+06 0000 0000 
0000 2.5518e+06 0000 
0000 0000 2.5518e+06 


p1:
Element1
-1.0765e+07 0000 0000 
0000 -1.0765e+07 0000 
0000 0000 -1.0765e+07 


p1:
Element2
1.0230e+05 0000 0000 
0000 1.0230e+05 0000 
0000 0000 1.0230e+05 


p1:
Element3
-3.0792e+06 0000 0000 
0000 -3.0792e+06 0000 
0000 0000 -3.0792e+06 


p1:
Element4
7.5828e+05 0000 0000 
0000 7.5828e+05 0000 
0000 0000 7.5828e+05 


p1:
Element1
1.9033e+07 0000 0000 
0000 1.9033e+07 0000 
0000 0000 1.9033e+07 


p1:
Element2
1.4323e+06 0000 0000 
0000 1.4323e+06 0000 
0000 0000 1.4323e+06 


p1:
Element3
-3.4401e+06 0000 0000 
0000 -3.4401e+06 0000 
0000 0000 -3.4401e+06 


p1:
Element4
1.2465e+06 0000 0000 
0000 1.2465e+06 0000 
0000 0000 1.2465e+06 


p1:
Element1
-3.3298e+06 0000 0000 
0000 -3.3298e+06 0000 
0000 0000 -3.3298e+06 


p1:
Element2
7.2995e+04 0000 0000 
0000 7.2995e+04 0000 
0000 0000 7.2995e+04 


p1:
Element3
7.2381e+06 0000 0000 
0000 7.2381e+06 0000 
0000 0000 7.2381e+06 


p1:
Element4
9.9849e+05 0000 0000 
0000 9.9849e+05 0000 
0000 0000 9.9849e+05 


p1:
Element1
2.2935e+06 0000 0000 
0000 2.2935e+06 0000 
0000 0000 2.2935e+06 


p1:
Element2
6.1665e+06 0000 0000 
0000 6.1665e+06 0000 
0000 0000 6.1665e+06 


p1:
Element3
-4.3530e+06 0000 0000 
0000 -4.3530e+06 0000 
0000 0000 -4.3530e+06 


p1:
Element4
-7.3215e+06 0000 0000 
0000 -7.3215e+06 0000 
0000 0000 -7.3215e+06 


p1:
Element1
1.1652e+07 0000 0000 
0000 1.1652e+07 0000 
0000 0000 1.1652e+07 


p1:
Element2
3.8304e+06 0000 0000 
0000 3.8304e+06 0000 
0000 0000 3.8304e+06 


p1:
Element3
-8.1143e+05 0000 0000 
0000 -8.1143e+05 0000 
0000 0000 -8.1143e+05 


p1:
Element4
7.8973e+06 0000 0000 
0000 7.8973e+06 0000 
0000 0000 7.8973e+06 


p1:
Element1
-1.4688e+07 0000 0000 
0000 -1.4688e+07 0000 
0000 0000 -1.4688e+07 


p1:
Element2
-6.7145e+06 0000 0000 
0000 -6.7145e+06 0000 
0000 0000 -6.7145e+06 


p1:
Element3
6.1291e+06 0000 0000 
0000 6.1291e+06 0000 
0000 0000 6.1291e+06 


p1:
Element4
-1.1101e+06 0000 0000 
0000 -1.1101e+06 0000 
0000 0000 -1.1101e+06 


p1:
Element1
1.2060e+07 0000 0000 
0000 1.2060e+07 0000 
0000 0000 1.2060e+07 


p1:
Element2
1.0731e+07 0000 0000 
0000 1.0731e+07 0000 
0000 0000 1.0731e+07 


p1:
Element3
5.5477e+06 0000 0000 
0000 5.5477e+06 0000 
0000 0000 5.5477e+06 


p1:
Element4
-4.4665e+06 0000 0000 
0000 -4.4665e+06 0000 
0000 0000 -4.4665e+06 


p1:
Element1
-6.3503e+06 0000 0000 
0000 -6.3503e+06 0000 
0000 0000 -6.3503e+06 


p1:
Element2
-8.7490e+06 0000 0000 
0000 -8.7490e+06 0000 
0000 0000 -8.7490e+06 


p1:
Element3
-6.7099e+06 0000 0000 
0000 -6.7099e+06 0000 
0000 0000 -6.7099e+06 


p1:
Element4
1.1698e+07 0000 0000 
0000 1.1698e+07 0000 
0000 0000 1.1698e+07 


p1:
Element1
-6.9589e+05 0000 0000 
0000 -6.9589e+05 0000 
0000 0000 -6.9589e+05 


p1:
Element2
2.7184e+06 0000 0000 
0000 2.7184e+06 0000 
0000 0000 2.7184e+06 


p1:
Element3
4.3504e+06 0000 0000 
0000 4.3504e+06 0000 
0000 0000 4.3504e+06 


p1:
Element4
2.4301e+06 0000 0000 
0000 2.4301e+06 0000 
0000 0000 2.4301e+06 


p1:
Element1
6.1086e+06 0000 0000 
0000 6.1086e+06 0000 
0000 0000 6.1086e+06 


p1:
Element2
4.8556e+06 0000 0000 
0000 4.8556e+06 0000 
0000 0000 4.8556e+06 


p1:
Element3
1.5709e+06 0000 0000 
0000 1.5709e+06 0000 
0000 0000 1.5709e+06 


p1:
Element4
-1.0288e+07 0000 0000 
0000 -1.0288e+07 0000 
0000 0000 -1.0288e+07 


p1:
Element1
-9.5514e+06 0000 0000 
0000 -9.5514e+06 0000 
0000 0000 -9.5514e+06 


p1:
Element2
-9.7750e+06 0000 0000 
0000 -9.7750e+06 0000 
0000 0000 -9.7750e+06 


p1:
Element3
-3.1655e+06 0000 0000 
0000 -3.1655e+06 0000 
0000 0000 -3.1655e+06 


p1:
Element4
1.5396e+07 0000 0000 
0000 1.5396e+07 0000 
0000 0000 1.5396e+07 


p1:
Element1
1.1705e+07 0000 0000 
0000 1.1705e+07 0000 
0000 0000 1.1705e+07 


p1:
Element2
1.0339e+07 0000 0000 
0000 1.0339e+07 0000 
0000 0000 1.0339e+07 


p1:
Element3
3.2364e+06 0000 0000 
0000 3.2364e+06 0000 
0000 0000 3.2364e+06 


p1:
Element4
1.0609e+06 0000 0000 
0000 1.0609e+06 0000 
0000 0000 1.0609e+06 


p1:
Element1
-8.3820e+06 0000 0000 
0000 -8.3820e+06 0000 
0000 0000 -8.3820e+06 


p1:
Element2
-3.3497e+06 0000 0000 
0000 -3.3497e+06 0000 
0000 0000 -3.3497e+06 


p1:
Element3
2.7184e+06 0000 0000 
0000 2.7184e+06 0000 
0000 0000 2.7184e+06 


p1:
Element4
-1.1410e+07 0000 0000 
0000 -1.1410e+07 0000 
0000 0000 -1.1410e+07 


p1:
Element1
3.5739e+06 0000 0000 
0000 3.5739e+06 0000 
0000 0000 3.5739e+06 


p1:
Element2
9.9502e+05 0000 0000 
0000 9.9502e+05 0000 
0000 0000 9.9502e+05 


p1:
Element3
7.5554e+06 0000 0000 
0000 7.5554e+06 0000 
0000 0000 7.5554e+06 


p1:
Element4
1.5379e+07 0000 0000 
0000 1.5379e+07 0000 
0000 0000 1.5379e+07 


p1:
Element1
8.7553e+06 0000 0000 
0000 8.7553e+06 0000 
0000 0000 8.7553e+06 


p1:
Element2
6.3917e+06 0000 0000 
0000 6.3917e+06 0000 
0000 0000 6.3917e+06 


p1:
Element3
-1.0671e+07 0000 0000 
0000 -1.0671e+07 0000 
0000 0000 -1.0671e+07 


p1:
Element4
-1.1104e+07 0000 0000 
0000 -1.1104e+07 0000 
0000 0000 -1.1104e+07 


p1:
Element1
-4.6134e+06 0000 0000 
0000 -4.6134e+06 0000 
0000 0000 -4.6134e+06 


p1:
Element2
2.8605e+06 0000 0000 
0000 2.8605e+06 0000 
0000 0000 2.8605e+06 


p1:
Element3
6.8605e+06 0000 0000 
0000 6.8605e+06 0000 
0000 0000 6.8605e+06 


p1:
Element4
1.3380e+06 0000 0000 
0000 1.3380e+06 0000 
0000 0000 1.3380e+06 


p1:
Element1
1.3791e+07 0000 0000 
0000 1.3791e+07 0000 
0000 0000 1.3791e+07 


p1:
Element2
-1.2185e+06 0000 0000 
0000 -1.2185e+06 0000 
0000 0000 -1.2185e+06 


p1:
Element3
2.1532e+06 0000 0000 
0000 2.1532e+06 0000 
0000 0000 2.1532e+06 


p1:
Element4
4.9043e+06 0000 0000 
0000 4.9043e+06 0000 
0000 0000 4.9043e+06 


p1:
Element1
-2.4576e+06 0000 0000 
0000 -2.4576e+06 0000 
0000 0000 -2.4576e+06 


p1:
Element2
-9.7161e+05 0000 0000 
0000 -9.7161e+05 0000 
0000 0000 -9.7161e+05 


p1:
Element3
-9.0881e+06 0000 0000 
0000 -9.0881e+06 0000 
0000 0000 -9.0881e+06 


p1:
Element4
-6.2526e+06 0000 0000 
0000 -6.2526e+06 0000 
0000 0000 -6.2526e+06 


p1:
Element1
-4.4957e+06 0000 0000 
0000 -4.4957e+06 0000 
0000 0000 -4.4957e+06 


p1:
Element2
1.1361e+07 0000 0000 
0000 1.1361e+07 0000 
0000 0000 1.1361e+07 


p1:
Element3
1.5300e+07 0000 0000 
0000 1.5300e+07 0000 
0000 0000 1.5300e+07 


p1:
Element4
1.1516e+07 0000 0000 
0000 1.1516e+07 0000 
0000 0000 1.1516e+07 


p1:
Element1
1.8122e+06 0000 0000 
0000 1.8122e+06 0000 
0000 0000 1.8122e+06 


p1:
Element2
-1.1190e+07 0000 0000 
0000 -1.1190e+07 0000 
0000 0000 -1.1190e+07 


p1:
Element3
-6.1965e+06 0000 0000 
0000 -6.1965e+06 0000 
0000 0000 -6.1965e+06 


p1:
Element4
-1.0353e+07 0000 0000 
0000 -1.0353e+07 0000 
0000 0000 -1.0353e+07 


p1:
Element1
-2.8285e+06 0000 0000 
0000 -2.8285e+06 0000 
0000 0000 -2.8285e+06 


p1:
Element2
2.5167e+06 0000 0000 
0000 2.5167e+06 0000 
0000 0000 2.5167e+06 


p1:
Element3
6.2409e+06 0000 0000 
0000 6.2409e+06 0000 
0000 0000 6.2409e+06 


p1:
Element4
1.1957e+07 0000 0000 
0000 1.1957e+07 0000 
0000 0000 1.1957e+07 


p1:
Element1
1.9115e+05 0000 0000 
0000 1.9115e+05 0000 
0000 0000 1.9115e+05 


p1:
Element2
6.6725e+06 0000 0000 
0000 6.6725e+06 0000 
0000 0000 6.6725e+06 


p1:
Element3
-1.4848e+06 0000 0000 
0000 -1.4848e+06 0000 
0000 0000 -1.4848e+06 


p1:
Element4
1.6554e+06 0000 0000 
0000 1.6554e+06 0000 
0000 0000 1.6554e+06 


p1:
Element1
5.4558e+06 0000 0000 
0000 5.4558e+06 0000 
0000 0000 5.4558e+06 


p1:
Element2
-9.5976e+06 0000 0000 
0000 -9.5976e+06 0000 
0000 0000 -9.5976e+06 


p1:
Element3
-7.0386e+06 0000 0000 
0000 -7.0386e+06 0000 
0000 0000 -7.0386e+06 


p1:
Element4
-4.3281e+06 0000 0000 
0000 -4.3281e+06 0000 
0000 0000 -4.3281e+06 


p1:
Element1
-2.3586e+06 0000 0000 
0000 -2.3586e+06 0000 
0000 0000 -2.3586e+06 


p1:
Element2
4.2673e+06 0000 0000 
0000 4.2673e+06 0000 
0000 0000 4.2673e+06 


p1:
Element3
1.4292e+07 0000 0000 
0000 1.4292e+07 0000 
0000 0000 1.4292e+07 


p1:
Element4
1.4491e+07 0000 0000 
0000 1.4491e+07 0000 
0000 0000 1.4491e+07 


p1:
Element1
-2.3199e+06 0000 0000 
0000 -2.3199e+06 0000 
0000 0000 -2.3199e+06 


p1:
Element2
4.4983e+06 0000 0000 
0000 4.4983e+06 0000 
0000 0000 4.4983e+06 


p1:
Element3
-1.0354e+07 0000 0000 
0000 -1.0354e+07 0000 
0000 0000 -1.0354e+07 


p1:
Element4
-1.6850e+07 0000 0000 
0000 -1.6850e+07 0000 
0000 0000 -1.6850e+07 


p1:
Element1
6.7142e+06 0000 0000 
0000 6.7142e+06 0000 
0000 0000 6.7142e+06 


p1:
Element2
2.0924e+06 0000 0000 
0000 2.0924e+06 0000 
0000 0000 2.0924e+06 


p1:
Element3
8.3391e+06 0000 0000 
0000 8.3391e+06 0000 
0000 0000 8.3391e+06 


p1:
Element4
1.3938e+07 0000 0000 
0000 1.3938e+07 0000 
0000 0000 1.3938e+07 


p1:
Element1
-3.3700e+06 0000 0000 
0000 -3.3700e+06 0000 
0000 0000 -3.3700e+06 


p1:
Element2
-5.1095e+06 0000 0000 
0000 -5.1095e+06 0000 
0000 0000 -5.1095e+06 


p1:
Element3
3.8323e+06 0000 0000 
0000 3.8323e+06 0000 
0000 0000 3.8323e+06 


p1:
Element4
-1.9272e+06 0000 0000 
0000 -1.9272e+06 0000 
0000 0000 -1.9272e+06 


p1:
Element1
1.0480e+07 0000 0000 
0000 1.0480e+07 0000 
0000 0000 1.0480e+07 


p1:
Element2
1.1124e+07 0000 0000 
0000 1.1124e+07 0000 
0000 0000 1.1124e+07 


p1:
Element3
-4.4730e+06 0000 0000 
0000 -4.4730e+06 0000 
0000 0000 -4.4730e+06 


p1:
Element4
-1.2017e+07 0000 0000 
0000 -1.2017e+07 0000 
0000 0000 -1.2017e+07 


p1:
Element1
5.9378e+05 0000 0000 
0000 5.9378e+05 0000 
0000 0000 5.9378e+05 


p1:
Element2
5.8716e+05 0000 0000 
0000 5.8716e+05 0000 
0000 0000 5.8716e+05 


p1:
Element3
2.5751e+06 0000 0000 
0000 2.5751e+06 0000 
0000 0000 2.5751e+06 


p1:
Element4
1.8006e+07 0000 0000 
0000 1.8006e+07 0000 
0000 0000 1.8006e+07 


p1:
Element1
1.4301e+06 0000 0000 
0000 1.4301e+06 0000 
0000 0000 1.4301e+06 


p1:
Element2
-4.8473e+06 0000 0000 
0000 -4.8473e+06 0000 
0000 0000 -4.8473e+06 


p1:
Element3
-4.9002e+06 0000 0000 
0000 -4.9002e+06 0000 
0000 0000 -4.9002e+06 


p1:
Element4
-1.2499e+07 0000 0000 
0000 -1.2499e+07 0000 
0000 0000 -1.2499e+07 


p1:
Element1
5.3378e+06 0000 0000 
0000 5.3378e+06 0000 
0000 0000 5.3378e+06 


p1:
Element2
1.1839e+07 0000 0000 
0000 1.1839e+07 0000 
0000 0000 1.1839e+07 


p1:
Element3
1.0787e+07 0000 0000 
0000 1.0787e+07 0000 
0000 0000 1.0787e+07 


p1:
Element4
1.0020e+06 0000 0000 
0000 1.0020e+06 0000 
0000 0000 1.0020e+06 


p1:
Element1
-1.1132e+07 0000 0000 
0000 -1.1132e+07 0000 
0000 0000 -1.1132e+07 


p1:
Element2
-1.0051e+07 0000 0000 
0000 -1.0051e+07 0000 
0000 0000 -1.0051e+07 


p1:
Element3
-4.9490e+06 0000 0000 
0000 -4.9490e+06 0000 
0000 0000 -4.9490e+06 


p1:
Element4
1.1425e+07 0000 0000 
0000 1.1425e+07 0000 
0000 0000 1.1425e+07 


p1:
Element1
1.0767e+07 0000 0000 
0000 1.0767e+07 0000 
0000 0000 1.0767e+07 


p1:
Element2
4.2867e+06 0000 0000 
0000 4.2867e+06 0000 
0000 0000 4.2867e+06 


p1:
Element3
2.0236e+06 0000 0000 
0000 2.0236e+06 0000 
0000 0000 2.0236e+06 


p1:
Element4
-2.0941e+06 0000 0000 
0000 -2.0941e+06 0000 
0000 0000 -2.0941e+06 


p1:
Element1
-1.2029e+07 0000 0000 
0000 -1.2029e+07 0000 
0000 0000 -1.2029e+07 


p1:
Element2
3.1158e+05 0000 0000 
0000 3.1158e+05 0000 
0000 0000 3.1158e+05 


p1:
Element3
9.3063e+06 0000 0000 
0000 9.3063e+06 0000 
0000 0000 9.3063e+06 


p1:
Element4
-1.3736e+05 0000 0000 
0000 -1.3736e+05 0000 
0000 0000 -1.3736e+05 


p1:
Element1
2.7425e+06 0000 0000 
0000 2.7425e+06 0000 
0000 0000 2.7425e+06 


p1:
Element2
-3.2509e+06 0000 0000 
0000 -3.2509e+06 0000 
0000 0000 -3.2509e+06 


p1:
Element3
-7.4947e+06 0000 0000 
0000 -7.4947e+06 0000 
0000 0000 -7.4947e+06 


p1:
Element4
4.6048e+06 0000 0000 
0000 4.6048e+06 0000 
0000 0000 4.6048e+06 


p1:
Element1
1.0752e+07 0000 0000 
0000 1.0752e+07 0000 
0000 0000 1.0752e+07 


p1:
Element2
5.7285e+06 0000 0000 
0000 5.7285e+06 0000 
0000 0000 5.7285e+06 


p1:
Element3
-1.4132e+06 0000 0000 
0000 -1.4132e+06 0000 
0000 0000 -1.4132e+06 


p1:
Element4
4.3076e+06 0000 0000 
0000 4.3076e+06 0000 
0000 0000 4.3076e+06 


p1:
Element1
-1.3072e+07 0000 0000 
0000 -1.3072e+07 0000 
0000 0000 -1.3072e+07 


p1:
Element2
-3.6837e+06 0000 0000 
0000 -3.6837e+06 0000 
0000 0000 -3.6837e+06 


p1:
Element3
5.8275e+06 0000 0000 
0000 5.8275e+06 0000 
0000 0000 5.8275e+06 


p1:
Element4
-3.8633e+06 0000 0000 
0000 -3.8633e+06 0000 
0000 0000 -3.8633e+06 


p1:
Element1
1.7064e+07 0000 0000 
0000 1.7064e+07 0000 
0000 0000 1.7064e+07 


p1:
Element2
5.3659e+06 0000 0000 
0000 5.3659e+06 0000 
0000 0000 5.3659e+06 


p1:
Element3
2.1395e+06 0000 0000 
0000 2.1395e+06 0000 
0000 0000 2.1395e+06 


p1:
Element4
1.9613e+06 0000 0000 
0000 1.9613e+06 0000 
0000 0000 1.9613e+06 


p1:
Element1
-8.5215e+06 0000 0000 
0000 -8.5215e+06 0000 
0000 0000 -8.5215e+06 


p1:
Element2
-2.1061e+06 0000 0000 
0000 -2.1061e+06 0000 
0000 0000 -2.1061e+06 


p1:
Element3
-3.7242e+06 0000 0000 
0000 -3.7242e+06 0000 
0000 0000 -3.7242e+06 


p1:
Element4
2.8991e+06 0000 0000 
0000 2.8991e+06 0000 
0000 0000 2.8991e+06 


p1:
Element1
1.4739e+06 0000 0000 
0000 1.4739e+06 0000 
0000 0000 1.4739e+06 


p1:
Element2
1.0463e+07 0000 0000 
0000 1.0463e+07 0000 
0000 0000 1.0463e+07 


p1:
Element3
9.5285e+06 0000 0000 
0000 9.5285e+06 0000 
0000 0000 9.5285e+06 


p1:
Element4
-3.6725e+06 0000 0000 
0000 -3.6725e+06 0000 
0000 0000 -3.6725e+06 


p1:
Element1
1.1800e+07 0000 0000 
0000 1.1800e+07 0000 
0000 0000 1.1800e+07 


p1:
Element2
-2.8907e+06 0000 0000 
0000 -2.8907e+06 0000 
0000 0000 -2.8907e+06 


p1:
Element3
-3.0328e+06 0000 0000 
0000 -3.0328e+06 0000 
0000 0000 -3.0328e+06 


p1:
Element4
-5.0182e+06 0000 0000 
0000 -5.0182e+06 0000 
0000 0000 -5.0182e+06 


p1:
Element1
-5.4132e+06 0000 0000 
0000 -5.4132e+06 0000 
0000 0000 -5.4132e+06 


p1:
Element2
-3.1036e+06 0000 0000 
0000 -3.1036e+06 0000 
0000 0000 -3.1036e+06 


p1:
Element3
-2.1676e+06 0000 0000 
0000 -2.1676e+06 0000 
0000 0000 -2.1676e+06 


p1:
Element4
1.1869e+07 0000 0000 
0000 1.1869e+07 0000 
0000 0000 1.1869e+07 


p1:
Element1
1.1776e+07 0000 0000 
0000 1.1776e+07 0000 
0000 0000 1.1776e+07 


p1:
Element2
1.4262e+07 0000 0000 
0000 1.4262e+07 0000 
0000 0000 1.4262e+07 


p1:
Element3
1.9151e+06 0000 0000 
0000 1.9151e+06 0000 
0000 0000 1.9151e+06 


p1:
Element4
-5.4748e+06 0000 0000 
0000 -5.4748e+06 0000 
0000 0000 -5.4748e+06 


p1:
Element1
-8.6740e+06 0000 0000 
0000 -8.6740e+06 0000 
0000 0000 -8.6740e+06 


p1:
Element2
-1.2757e+07 0000 0000 
0000 -1.2757e+07 0000 
0000 0000 -1.2757e+07 


p1:
Element3
-1.0543e+06 0000 0000 
0000 -1.0543e+06 0000 
0000 0000 -1.0543e+06 


p1:
Element4
-2.0112e+06 0000 0000 
0000 -2.0112e+06 0000 
0000 0000 -2.0112e+06 


p1:
Element1
-2.0651e+05 0000 0000 
0000 -2.0651e+05 0000 
0000 0000 -2.0651e+05 


p1:
Element2
4.1926e+06 0000 0000 
0000 4.1926e+06 0000 
0000 0000 4.1926e+06 


p1:
Element3
1.0721e+07 0000 0000 
0000 1.0721e+07 0000 
0000 0000 1.0721e+07 


p1:
Element4
1.4999e+07 0000 0000 
0000 1.4999e+07 0000 
0000 0000 1.4999e+07 


p1:
Element1
-1.2390e+06 0000 0000 
0000 -1.2390e+06 0000 
0000 0000 -1.2390e+06 


p1:
Element2
4.7248e+06 0000 0000 
0000 4.7248e+06 0000 
0000 0000 4.7248e+06 


p1:
Element3
-8.4597e+06 0000 0000 
0000 -8.4597e+06 0000 
0000 0000 -8.4597e+06 


p1:
Element4
-1.3676e+07 0000 0000 
0000 -1.3676e+07 0000 
0000 0000 -1.3676e+07 


p1:
Element1
-3.9069e+06 0000 0000 
0000 -3.9069e+06 0000 
0000 0000 -3.9069e+06 


p1:
Element2
-5.9812e+06 0000 0000 
0000 -5.9812e+06 0000 
0000 0000 -5.9812e+06 


p1:
Element3
8.7529e+06 0000 0000 
0000 8.7529e+06 0000 
0000 0000 8.7529e+06 


p1:
Element4
1.6195e+07 0000 0000 
0000 1.6195e+07 0000 
0000 0000 1.6195e+07 


p1:
Element1
8.6847e+06 0000 0000 
0000 8.6847e+06 0000 
0000 0000 8.6847e+06 


p1:
Element2
-1.0774e+06 0000 0000 
0000 -1.0774e+06 0000 
0000 0000 -1.0774e+06 


p1:
Element3
-7.2242e+05 0000 0000 
0000 -7.2242e+05 0000 
0000 0000 -7.2242e+05 


p1:
Element4
-1.3158e+06 0000 0000 
0000 -1.3158e+06 0000 
0000 0000 -1.3158e+06 


p1:
Element1
-3.3877e+06 0000 0000 
0000 -3.3877e+06 0000 
0000 0000 -3.3877e+06 


p1:
Element2
5.9522e+06 0000 0000 
0000 5.9522e+06 0000 
0000 0000 5.9522e+06 


p1:
Element3
-6.6950e+06 0000 0000 
0000 -6.6950e+06 0000 
0000 0000 -6.6950e+06 


p1:
Element4
-8.3741e+06 0000 0000 
0000 -8.3741e+06 0000 
0000 0000 -8.3741e+06 


p1:
Element1
3.3221e+06 0000 0000 
0000 3.3221e+06 0000 
0000 0000 3.3221e+06 


p1:
Element2
4.1280e+06 0000 0000 
0000 4.1280e+06 0000 
0000 0000 4.1280e+06 


p1:
Element3
9.3711e+06 0000 0000 
0000 9.3711e+06 0000 
0000 0000 9.3711e+06 


p1:
Element4
1.6874e+07 0000 0000 
0000 1.6874e+07 0000 
0000 0000 1.6874e+07 


p1:
Element1
4.0068e+06 0000 0000 
0000 4.0068e+06 0000 
0000 0000 4.0068e+06 


p1:
Element2
-7.8222e+06 0000 0000 
0000 -7.8222e+06 0000 
0000 0000 -7.8222e+06 


p1:
Element3
-6.9359e+06 0000 0000 
0000 -6.9359e+06 0000 
0000 0000 -6.9359e+06 


p1:
Element4
-1.6844e+07 0000 0000 
0000 -1.6844e+07 0000 
0000 0000 -1.6844e+07 


p1:
Element1
-5.9755e+05 0000 0000 
0000 -5.9755e+05 0000 
0000 0000 -5.9755e+05 


p1:
Element2
1.3098e+07 0000 0000 
0000 1.3098e+07 0000 
0000 0000 1.3098e+07 


p1:
Element3
1.4038e+07 0000 0000 
0000 1.4038e+07 0000 
0000 0000 1.4038e+07 


p1:
Element4
9.1319e+06 0000 0000 
0000 9.1319e+06 0000 
0000 0000 9.1319e+06 


p1:
Element1
2.5638e+06 0000 0000 
0000 2.5638e+06 0000 
0000 0000 2.5638e+06 


p1:
Element2
-2.1153e+06 0000 0000 
0000 -2.1153e+06 0000 
0000 0000 -2.1153e+06 


p1:
Element3
-7.8278e+06 0000 0000 
0000 -7.8278e+06 0000 
0000 0000 -7.8278e+06 


p1:
Element4
-1.9425e+05 0000 0000 
0000 -1.9425e+05 0000 
0000 0000 -1.9425e+05 


p1:
Element1
7.3142e+06 0000 0000 
0000 7.3142e+06 0000 
0000 0000 7.3142e+06 


p1:
Element2
-9.1440e+05 0000 0000 
0000 -9.1440e+05 0000 
0000 0000 -9.1440e+05 


p1:
Element3
1.1038e+05 0000 0000 
0000 1.1038e+05 0000 
0000 0000 1.1038e+05 


p1:
Element4
-3.5354e+06 0000 0000 
0000 -3.5354e+06 0000 
0000 0000 -3.5354e+06 


p1:
Element1
-4.8582e+06 0000 0000 
0000 -4.8582e+06 0000 
0000 0000 -4.8582e+06 


p1:
Element2
7.4238e+06 0000 0000 
0000 7.4238e+06 0000 
0000 0000 7.4238e+06 


p1:
Element3
1.1079e+07 0000 0000 
0000 1.1079e+07 0000 
0000 0000 1.1079e+07 


p1:
Element4
4.5585e+06 0000 0000 
0000 4.5585e+06 0000 
0000 0000 4.5585e+06 


p1:
Element1
5.7401e+06 0000 0000 
0000 5.7401e+06 0000 
0000 0000 5.7401e+06 


p1:
Element2
-3.8787e+06 0000 0000 
0000 -3.8787e+06 0000 
0000 0000 -3.8787e+06 


p1:
Element3
-1.5584e+07 0000 0000 
0000 -1.5584e+07 0000 
0000 0000 -1.5584e+07 


p1:
Element4
-6.4526e+06 0000 0000 
0000 -6.4526e+06 0000 
0000 0000 -6.4526e+06 


p1:
Element1
2.3198e+06 0000 0000 
0000 2.3198e+06 0000 
0000 0000 2.3198e+06 


p1:
Element2
1.8775e+06 0000 0000 
0000 1.8775e+06 0000 
0000 0000 1.8775e+06 


p1:
Element3
1.0646e+07 0000 0000 
0000 1.0646e+07 0000 
0000 0000 1.0646e+07 


p1:
Element4
1.8190e+07 0000 0000 
0000 1.8190e+07 0000 
0000 0000 1.8190e+07 


p1:
Element1
-1.1941e+07 0000 0000 
0000 -1.1941e+07 0000 
0000 0000 -1.1941e+07 


p1:
Element2
-3.6460e+06 0000 0000 
0000 -3.6460e+06 0000 
0000 0000 -3.6460e+06 


p1:
Element3
2.8726e+06 0000 0000 
0000 2.8726e+06 0000 
0000 0000 2.8726e+06 


p1:
Element4
-1.1581e+07 0000 0000 
0000 -1.1581e+07 0000 
0000 0000 -1.1581e+07 


p1:
Element1
8.7733e+06 0000 0000 
0000 8.7733e+06 0000 
0000 0000 8.7733e+06 


p1:
Element2
4.7559e+06 0000 0000 
0000 4.7559e+06 0000 
0000 0000 4.7559e+06 


p1:
Element3
7.1221e+05 0000 0000 
0000 7.1221e+05 0000 
0000 0000 7.1221e+05 


p1:
Element4
4.7575e+06 0000 0000 
0000 4.7575e+06 0000 
0000 0000 4.7575e+06 


p1:
Element1
-1.0058e+07 0000 0000 
0000 -1.0058e+07 0000 
0000 0000 -1.0058e+07 


p1:
Element2
-4.5545e+06 0000 0000 
0000 -4.5545e+06 0000 
0000 0000 -4.5545e+06 


p1:
Element3
3.3847e+05 0000 0000 
0000 3.3847e+05 0000 
0000 0000 3.3847e+05 


p1:
Element4
1.3456e+07 0000 0000 
0000 1.3456e+07 0000 
0000 0000 1.3456e+07 


p1:
Element1
6.9753e+06 0000 0000 
0000 6.9753e+06 0000 
0000 0000 6.9753e+06 


p1:
Element2
5.4612e+06 0000 0000 
0000 5.4612e+06 0000 
0000 0000 5.4612e+06 


p1:
Element3
-3.9024e+05 0000 0000 
0000 -3.9024e+05 0000 
0000 0000 -3.9024e+05 


p1:
Element4
-1.5787e+07 0000 0000 
0000 -1.5787e+07 0000 
0000 0000 -1.5787e+07 


p1:
Element1
6.5078e+06 0000 0000 
0000 6.5078e+06 0000 
0000 0000 6.5078e+06 


p1:
Element2
3.4293e+05 0000 0000 
0000 3.4293e+05 0000 
0000 0000 3.4293e+05 


p1:
Element3
4.5293e+06 0000 0000 
0000 4.5293e+06 0000 
0000 0000 4.5293e+06 


p1:
Element4
1.0082e+07 0000 0000 
0000 1.0082e+07 0000 
0000 0000 1.0082e+07 


p1:
Element1
-3.7247e+06 0000 0000 
0000 -3.7247e+06 0000 
0000 0000 -3.7247e+06 


p1:
Element2
-4.6224e+06 0000 0000 
0000 -4.6224e+06 0000 
0000 0000 -4.6224e+06 


p1:
Element3
-7.9984e+06 0000 0000 
0000 -7.9984e+06 0000 
0000 0000 -7.9984e+06 


p1:
Element4
3.8055e+06 0000 0000 
0000 3.8055e+06 0000 
0000 0000 3.8055e+06 


p1:
Element1
1.2386e+07 0000 0000 
0000 1.2386e+07 0000 
0000 0000 1.2386e+07 


p1:
Element2
1.6575e+07 0000 0000 
0000 1.6575e+07 0000 
0000 0000 1.6575e+07 


p1:
Element3
7.4106e+06 0000 0000 
0000 7.4106e+06 0000 
0000 0000 7.4106e+06 


p1:
Element4
-9.4132e+06 0000 0000 
0000 -9.4132e+06 0000 
0000 0000 -9.4132e+06 


p1:
Element1
-1.3080e+07 0000 0000 
0000 -1.3080e+07 0000 
0000 0000 -1.3080e+07 


p1:
Element2
-1.0120e+07 0000 0000 
0000 -1.0120e+07 0000 
0000 0000 -1.0120e+07 


p1:
Element3
4.8486e+06 0000 0000 
0000 4.8486e+06 0000 
0000 0000 4.8486e+06 


p1:
Element4
2.5836e+06 0000 0000 
0000 2.5836e+06 0000 
0000 0000 2.5836e+06 


p1:
Element1
1.3552e+07 0000 0000 
0000 1.3552e+07 0000 
0000 0000 1.3552e+07 


p1:
Element2
6.0507e+06 0000 0000 
0000 6.0507e+06 0000 
0000 0000 6.0507e+06 


p1:
Element3
-1.2900e+06 0000 0000 
0000 -1.2900e+06 0000 
0000 0000 -1.2900e+06 


p1:
Element4
3.5198e+06 0000 0000 
0000 3.5198e+06 0000 
0000 0000 3.5198e+06 


p1:
Element1
-1.1019e+06 0000 0000 
0000 -1.1019e+06 0000 
0000 0000 -1.1019e+06 


p1:
Element2
6.1288e+06 0000 0000 
0000 6.1288e+06 0000 
0000 0000 6.1288e+06 


p1:
Element3
-1.6937e+06 0000 0000 
0000 -1.6937e+06 0000 
0000 0000 -1.6937e+06 


p1:
Element4
-4.0558e+06 0000 0000 
0000 -4.0558e+06 0000 
0000 0000 -4.0558e+06 


p1:
Element1
-2.3944e+06 0000 0000 
0000 -2.3944e+06 0000 
0000 0000 -2.3944e+06 


p1:
Element2
-6.6356e+06 0000 0000 
0000 -6.6356e+06 0000 
0000 0000 -6.6356e+06 


p1:
Element3
4.1126e+06 0000 0000 
0000 4.1126e+06 0000 
0000 0000 4.1126e+06 


p1:
Element4
6.4454e+06 0000 0000 
0000 6.4454e+06 0000 
0000 0000 6.4454e+06 


p1:
Element1
1.2940e+07 0000 0000 
0000 1.2940e+07 0000 
0000 0000 1.2940e+07 


p1:
Element2
2.3726e+06 0000 0000 
0000 2.3726e+06 0000 
0000 0000 2.3726e+06 


p1:
Element3
-2.3645e+06 0000 0000 
0000 -2.3645e+06 0000 
0000 0000 -2.3645e+06 


p1:
Element4
-8.5730e+05 0000 0000 
0000 -8.5730e+05 0000 
0000 0000 -8.5730e+05 


p1:
Element1
-1.7880e+07 0000 0000 
0000 -1.7880e+07 0000 
0000 0000 -1.7880e+07 


p1:
Element2
1.2112e+06 0000 0000 
0000 1.2112e+06 0000 
0000 0000 1.2112e+06 


p1:
Element3
-4.0864e+05 0000 0000 
0000 -4.0864e+05 0000 
0000 0000 -4.0864e+05 


p1:
Element4
1.8459e+06 0000 0000 
0000 1.8459e+06 0000 
0000 0000 1.8459e+06 


p1:
Element1
8.9701e+06 0000 0000 
0000 8.9701e+06 0000 
0000 0000 8.9701e+06 


p1:
Element2
3.6734e+06 0000 0000 
0000 3.6734e+06 0000 
0000 0000 3.6734e+06 


p1:
Element3
7.6959e+06 0000 0000 
0000 7.6959e+06 0000 
0000 0000 7.6959e+06 


p1:
Element4
6.5967e+06 0000 0000 
0000 6.5967e+06 0000 
0000 0000 6.5967e+06 


p1:
Element1
-4.3028e+06 0000 0000 
0000 -4.3028e+06 0000 
0000 0000 -4.3028e+06 


p1:
Element2
-1.2089e+07 0000 0000 
0000 -1.2089e+07 0000 
0000 0000 -1.2089e+07 


p1:
Element3
-3.1497e+06 0000 0000 
0000 -3.1497e+06 0000 
0000 0000 -3.1497e+06 


p1:
Element4
-4.0740e+06 0000 0000 
0000 -4.0740e+06 0000 
0000 0000 -4.0740e+06 


p1:
Element1
-2.9830e+06 0000 0000 
0000 -2.9830e+06 0000 
0000 0000 -2.9830e+06 


p1:
Element2
1.1663e+07 0000 0000 
0000 1.1663e+07 0000 
0000 0000 1.1663e+07 


p1:
Element3
9.2054e+06 0000 0000 
0000 9.2054e+06 0000 
0000 0000 9.2054e+06 


p1:
Element4
1.0166e+07 0000 0000 
0000 1.0166e+07 0000 
0000 0000 1.0166e+07 


p1:
Element1
9.8434e+06 0000 0000 
0000 9.8434e+06 0000 
0000 0000 9.8434e+06 


p1:
Element2
7.0704e+05 0000 0000 
0000 7.0704e+05 0000 
0000 0000 7.0704e+05 


p1:
Element3
-1.0519e+07 0000 0000 
0000 -1.0519e+07 0000 
0000 0000 -1.0519e+07 


p1:
Element4
-7.9923e+06 0000 0000 
0000 -7.9923e+06 0000 
0000 0000 -7.9923e+06 


p1:
Element1
-2.9169e+06 0000 0000 
0000 -2.9169e+06 0000 
0000 0000 -2.9169e+06 


p1:
Element2
-6.2104e+06 0000 0000 
0000 -6.2104e+06 0000 
0000 0000 -6.2104e+06 


p1:
Element3
5.0763e+06 0000 0000 
0000 5.0763e+06 0000 
0000 0000 5.0763e+06 


p1:
Element4
6.5957e+06 0000 0000 
0000 6.5957e+06 0000 
0000 0000 6.5957e+06 


p1:
Element1
7.3587e+06 0000 0000 
0000 7.3587e+06 0000 
0000 0000 7.3587e+06 


p1:
Element2
1.2812e+07 0000 0000 
0000 1.2812e+07 0000 
0000 0000 1.2812e+07 


p1:
Element3
5.4773e+06 0000 0000 
0000 5.4773e+06 0000 
0000 0000 5.4773e+06 


p1:
Element4
-4.0466e+06 0000 0000 
0000 -4.0466e+06 0000 
0000 0000 -4.0466e+06 


p1:
Element1
1.5487e+06 0000 0000 
0000 1.5487e+06 0000 
0000 0000 1.5487e+06 


p1:
Element2
-3.0139e+06 0000 0000 
0000 -3.0139e+06 0000 
0000 0000 -3.0139e+06 


p1:
Element3
-1.0958e+07 0000 0000 
0000 -1.0958e+07 0000 
0000 0000 -1.0958e+07 


p1:
Element4
-4.9874e+06 0000 0000 
0000 -4.9874e+06 0000 
0000 0000 -4.9874e+06 


p1:
Element1
1.8411e+06 0000 0000 
0000 1.8411e+06 0000 
0000 0000 1.8411e+06 


p1:
Element2
2.0610e+06 0000 0000 
0000 2.0610e+06 0000 
0000 0000 2.0610e+06 


p1:
Element3
1.5470e+07 0000 0000 
0000 1.5470e+07 0000 
0000 0000 1.5470e+07 


p1:
Element4
1.8249e+07 0000 0000 
0000 1.8249e+07 0000 
0000 0000 1.8249e+07 


p1:
Element1
-4.6376e+05 0000 0000 
0000 -4.6376e+05 0000 
0000 0000 -4.6376e+05 


p1:
Element2
1.6159e+06 0000 0000 
0000 1.6159e+06 0000 
0000 0000 1.6159e+06 


p1:
Element3
-4.6508e+06 0000 0000 
0000 -4.6508e+06 0000 
0000 0000 -4.6508e+06 


p1:
Element4
-2.3750e+07 0000 0000 
0000 -2.3750e+07 0000 
0000 0000 -2.3750e+07 


p1:
Element1
1.1825e+06 0000 0000 
0000 1.1825e+06 0000 
0000 0000 1.1825e+06 


p1:
Element2
4.9042e+06 0000 0000 
0000 4.9042e+06 0000 
0000 0000 4.9042e+06 


p1:
Element3
4.0245e+06 0000 0000 
0000 4.0245e+06 0000 
0000 0000 4.0245e+06 


p1:
Element4
1.5440e+07 0000 0000 
0000 1.5440e+07 0000 
0000 0000 1.5440e+07 


p1:
Element1
1.5640e+06 0000 0000 
0000 1.5640e+06 0000 
0000 0000 1.5640e+06 


p1:
Element2
-4.7754e+06 0000 0000 
0000 -4.7754e+06 0000 
0000 0000 -4.7754e+06 


p1:
Element3
-4.8401e+06 0000 0000 
0000 -4.8401e+06 0000 
0000 0000 -4.8401e+06 


p1:
Element4
5.7863e+06 0000 0000 
0000 5.7863e+06 0000 
0000 0000 5.7863e+06 


p1:
Element1
2.9474e+06 0000 0000 
0000 2.9474e+06 0000 
0000 0000 2.9474e+06 


p1:
Element2
2.1896e+06 0000 0000 
0000 2.1896e+06 0000 
0000 0000 2.1896e+06 


p1:
Element3
7.0060e+05 0000 0000 
0000 7.0060e+05 0000 
0000 0000 7.0060e+05 


p1:
Element4
-1.3329e+07 0000 0000 
0000 -1.3329e+07 0000 
0000 0000 -1.3329e+07 


p1:
Element1
-4.1948e+06 0000 0000 
0000 -4.1948e+06 0000 
0000 0000 -4.1948e+06 


p1:
Element2
4.7720e+05 0000 0000 
0000 4.7720e+05 0000 
0000 0000 4.7720e+05 


p1:
Element3
9.9196e+06 0000 0000 
0000 9.9196e+06 0000 
0000 0000 9.9196e+06 


p1:
Element4
1.9365e+07 0000 0000 
0000 1.9365e+07 0000 
0000 0000 1.9365e+07 


p1:
Element1
-2.2035e+05 0000 0000 
0000 -2.2035e+05 0000 
0000 0000 -2.2035e+05 


p1:
Element2
-5.8407e+06 0000 0000 
0000 -5.8407e+06 0000 
0000 0000 -5.8407e+06 


p1:
Element3
-1.3249e+07 0000 0000 
0000 -1.3249e+07 0000 
0000 0000 -1.3249e+07 


p1:
Element4
-6.4824e+06 0000 0000 
0000 -6.4824e+06 0000 
0000 0000 -6.4824e+06 


p1:
Element1
-1.0805e+06 0000 0000 
0000 -1.0805e+06 0000 
0000 0000 -1.0805e+06 


p1:
Element2
1.1440e+07 0000 0000 
0000 1.1440e+07 0000 
0000 0000 1.1440e+07 


p1:
Element3
1.6795e+07 0000 0000 
0000 1.6795e+07 0000 
0000 0000 1.6795e+07 


p1:
Element4
4.1626e+06 0000 0000 
0000 4.1626e+06 0000 
0000 0000 4.1626e+06 


p1:
Element1
-6.5232e+06 0000 0000 
0000 -6.5232e+06 0000 
0000 0000 -6.5232e+06 


p1:
Element2
-9.0481e+06 0000 0000 
0000 -9.0481e+06 0000 
0000 0000 -9.0481e+06 


p1:
Element3
-2.0032e+06 0000 0000 
0000 -2.0032e+06 0000 
0000 0000 -2.0032e+06 


p1:
Element4
-2.4769e+06 0000 0000 
0000 -2.4769e+06 0000 
0000 0000 -2.4769e+06 


p1:
Element1
1.7705e+07 0000 0000 
0000 1.7705e+07 0000 
0000 0000 1.7705e+07 


p1:
Element2
5.5418e+06 0000 0000 
0000 5.5418e+06 0000 
0000 0000 5.5418e+06 


p1:
Element3
-5.8469e+06 0000 0000 
0000 -5.8469e+06 0000 
0000 0000 -5.8469e+06 


p1:
Element4
4.4695e+06 0000 0000 
0000 4.4695e+06 0000 
0000 0000 4.4695e+06 


p1:
Element1
-7.1097e+06 0000 0000 
0000 -7.1097e+06 0000 
0000 0000 -7.1097e+06 


p1:
Element2
4.7559e+06 0000 0000 
0000 4.7559e+06 0000 
0000 0000 4.7559e+06 


p1:
Element3
4.6772e+06 0000 0000 
0000 4.6772e+06 0000 
0000 0000 4.6772e+06 


p1:
Element4
2.5682e+06 0000 0000 
0000 2.5682e+06 0000 
0000 0000 2.5682e+06 


p1:
Element1
8.6932e+06 0000 0000 
0000 8.6932e+06 0000 
0000 0000 8.6932e+06 


p1:
Element2
-1.0834e+06 0000 0000 
0000 -1.0834e+06 0000 
0000 0000 -1.0834e+06 


p1:
Element3
-1.6964e+06 0000 0000 
0000 -1.6964e+06 0000 
0000 0000 -1.6964e+06 


p1:
Element4
-1.0868e+07 0000 0000 
0000 -1.0868e+07 0000 
0000 0000 -1.0868e+07 


p1:
Element1
4.9246e+06 0000 0000 
0000 4.9246e+06 0000 
0000 0000 4.9246e+06 


p1:
Element2
3.1360e+06 0000 0000 
0000 3.1360e+06 0000 
0000 0000 3.1360e+06 


p1:
Element3
4.3609e+06 0000 0000 
0000 4.3609e+06 0000 
0000 0000 4.3609e+06 


p1:
Element4
9.9612e+06 0000 0000 
0000 9.9612e+06 0000 
0000 0000 9.9612e+06 


p1:
Element1
-1.1334e+07 0000 0000 
0000 -1.1334e+07 0000 
0000 0000 -1.1334e+07 


p1:
Element2
3.0240e+06 0000 0000 
0000 3.0240e+06 0000 
0000 0000 3.0240e+06 


p1:
Element3
-1.3831e+06 0000 0000 
0000 -1.3831e+06 0000 
0000 0000 -1.3831e+06 


p1:
Element4
-4.2309e+06 0000 0000 
0000 -4.2309e+06 0000 
0000 0000 -4.2309e+06 


p1:
Element1
1.6033e+07 0000 0000 
0000 1.6033e+07 0000 
0000 0000 1.6033e+07 


p1:
Element2
5.4746e+06 0000 0000 
0000 5.4746e+06 0000 
0000 0000 5.4746e+06 


p1:
Element3
5.8881e+06 0000 0000 
0000 5.8881e+06 0000 
0000 0000 5.8881e+06 


p1:
Element4
-8.1110e+05 0000 0000 
0000 -8.1110e+05 0000 
0000 0000 -8.1110e+05 


p1:
Element1
-1.1972e+07 0000 0000 
0000 -1.1972e+07 0000 
0000 0000 -1.1972e+07 


p1:
Element2
-1.3617e+07 0000 0000 
0000 -1.3617e+07 0000 
0000 0000 -1.3617e+07 


p1:
Element3
-1.7984e+05 0000 0000 
0000 -1.7984e+05 0000 
0000 0000 -1.7984e+05 


p1:
Element4
8.0104e+06 0000 0000 
0000 8.0104e+06 0000 
0000 0000 8.0104e+06 


p1:
Element1
8.7243e+06 0000 0000 
0000 8.7243e+06 0000 
0000 0000 8.7243e+06 


p1:
Element2
1.4868e+07 0000 0000 
0000 1.4868e+07 0000 
0000 0000 1.4868e+07 


p1:
Element3
-6.1896e+05 0000 0000 
0000 -6.1896e+05 0000 
0000 0000 -6.1896e+05 


p1:
Element4
-2.2484e+06 0000 0000 
0000 -2.2484e+06 0000 
0000 0000 -2.2484e+06 


p1:
Element1
-2.5307e+06 0000 0000 
0000 -2.5307e+06 0000 
0000 0000 -2.5307e+06 


p1:
Element2
-3.9461e+06 0000 0000 
0000 -3.9461e+06 0000 
0000 0000 -3.9461e+06 


p1:
Element3
-3.5756e+06 0000 0000 
0000 -3.5756e+06 0000 
0000 0000 -3.5756e+06 


p1:
Element4
8.5668e+05 0000 0000 
0000 8.5668e+05 0000 
0000 0000 8.5668e+05 


p1:
Element1
-4.7480e+06 0000 0000 
0000 -4.7480e+06 0000 
0000 0000 -4.7480e+06 


p1:
Element2
-8.4122e+06 0000 0000 
0000 -8.4122e+06 0000 
0000 0000 -8.4122e+06 


p1:
Element3
6.8510e+06 0000 0000 
0000 6.8510e+06 0000 
0000 0000 6.8510e+06 


p1:
Element4
1.0098e+07 0000 0000 
0000 1.0098e+07 0000 
0000 0000 1.0098e+07 


p1:
Element1
8.2744e+06 0000 0000 
0000 8.2744e+06 0000 
0000 0000 8.2744e+06 


p1:
Element2
1.1350e+07 0000 0000 
0000 1.1350e+07 0000 
0000 0000 1.1350e+07 


p1:
Element3
5.3084e+05 0000 0000 
0000 5.3084e+05 0000 
0000 0000 5.3084e+05 


p1:
Element4
-8.2983e+06 0000 0000 
0000 -8.2983e+06 0000 
0000 0000 -8.2983e+06 


p1:
Element1
-1.2655e+07 0000 0000 
0000 -1.2655e+07 0000 
0000 0000 -1.2655e+07 


p1:
Element2
-5.8531e+06 0000 0000 
0000 -5.8531e+06 0000 
0000 0000 -5.8531e+06 


p1:
Element3
-7.4920e+05 0000 0000 
0000 -7.4920e+05 0000 
0000 0000 -7.4920e+05 


p1:
Element4
9.0553e+06 0000 0000 
0000 9.0553e+06 0000 
0000 0000 9.0553e+06 


p1:
Element1
1.2716e+07 0000 0000 
0000 1.2716e+07 0000 
0000 0000 1.2716e+07 


p1:
Element2
3.1453e+06 0000 0000 
0000 3.1453e+06 0000 
0000 0000 3.1453e+06 


p1:
Element3
7.1027e+06 0000 0000 
0000 7.1027e+06 0000 
0000 0000 7.1027e+06 


p1:
Element4
3.9818e+06 0000 0000 
0000 3.9818e+06 0000 
0000 0000 3.9818e+06 


p1:
Element1
-4.2938e+06 0000 0000 
0000 -4.2938e+06 0000 
0000 0000 -4.2938e+06 


p1:
Element2
1.1572e+06 0000 0000 
0000 1.1572e+06 0000 
0000 0000 1.1572e+06 


p1:
Element3
-4.4421e+06 0000 0000 
0000 -4.4421e+06 0000 
0000 0000 -4.4421e+06 


p1:
Element4
-1.6330e+07 0000 0000 
0000 -1.6330e+07 0000 
0000 0000 -1.6330e+07 


p1:
Element1
5.2455e+06 0000 0000 
0000 5.2455e+06 0000 
0000 0000 5.2455e+06 


p1:
Element2
7.8973e+06 0000 0000 
0000 7.8973e+06 0000 
0000 0000 7.8973e+06 


p1:
Element3
4.8031e+06 0000 0000 
0000 4.8031e+06 0000 
0000 0000 4.8031e+06 


p1:
Element4
1.7368e+07 0000 0000 
0000 1.7368e+07 0000 
0000 0000 1.7368e+07 


p1:
Element1
1.1552e+07 0000 0000 
0000 1.1552e+07 0000 
0000 0000 1.1552e+07 


p1:
Element2
-4.4932e+06 0000 0000 
0000 -4.4932e+06 0000 
0000 0000 -4.4932e+06 


p1:
Element3
-1.0618e+07 0000 0000 
0000 -1.0618e+07 0000 
0000 0000 -1.0618e+07 


p1:
Element4
-9.1440e+06 0000 0000 
0000 -9.1440e+06 0000 
0000 0000 -9.1440e+06 


p1:
Element1
-6.4346e+06 0000 0000 
0000 -6.4346e+06 0000 
0000 0000 -6.4346e+06 


p1:
Element2
4.3080e+06 0000 0000 
0000 4.3080e+06 0000 
0000 0000 4.3080e+06 


p1:
Element3
1.3316e+07 0000 0000 
0000 1.3316e+07 0000 
0000 0000 1.3316e+07 


p1:
Element4
8.8398e+05 0000 0000 
0000 8.8398e+05 0000 
0000 0000 8.8398e+05 


p1:
Element1
4.3954e+06 0000 0000 
0000 4.3954e+06 0000 
0000 0000 4.3954e+06 


p1:
Element2
4.6590e+06 0000 0000 
0000 4.6590e+06 0000 
0000 0000 4.6590e+06 


p1:
Element3
8.6969e+05 0000 0000 
0000 8.6969e+05 0000 
0000 0000 8.6969e+05 


p1:
Element4
2.4363e+06 0000 0000 
0000 2.4363e+06 0000 
0000 0000 2.4363e+06 


p1:
Element1
-1.7045e+06 0000 0000 
0000 -1.7045e+06 0000 
0000 0000 -1.7045e+06 


p1:
Element2
-5.3995e+06 0000 0000 
0000 -5.3995e+06 0000 
0000 0000 -5.3995e+06 


p1:
Element3
-8.6754e+06 0000 0000 
0000 -8.6754e+06 0000 
0000 0000 -8.6754e+06 


p1:
Element4
-1.2093e+06 0000 0000 
0000 -1.2093e+06 0000 
0000 0000 -1.2093e+06 


p1:
Element1
-2.9832e+06 0000 0000 
0000 -2.9832e+06 0000 
0000 0000 -2.9832e+06 


p1:
Element2
8.5001e+06 0000 0000 
0000 8.5001e+06 0000 
0000 0000 8.5001e+06 


p1:
Element3
1.7885e+07 0000 0000 
0000 1.7885e+07 0000 
0000 0000 1.7885e+07 


p1:
Element4
9.1215e+06 0000 0000 
0000 9.1215e+06 0000 
0000 0000 9.1215e+06 


p1:
Element1
3.5735e+06 0000 0000 
0000 3.5735e+06 0000 
0000 0000 3.5735e+06 


p1:
Element2
-8.3062e+06 0000 0000 
0000 -8.3062e+06 0000 
0000 0000 -8.3062e+06 


p1:
Element3
-1.3026e+07 0000 0000 
0000 -1.3026e+07 0000 
0000 0000 -1.3026e+07 


p1:
Element4
-1.3085e+07 0000 0000 
0000 -1.3085e+07 0000 
0000 0000 -1.3085e+07 


p1:
Element1
3.4916e+06 0000 0000 
0000 3.4916e+06 0000 
0000 0000 3.4916e+06 


p1:
Element2
2.6976e+06 0000 0000 
0000 2.6976e+06 0000 
0000 0000 2.6976e+06 


p1:
Element3
4.5358e+06 0000 0000 
0000 4.5358e+06 0000 
0000 0000 4.5358e+06 


p1:
Element4
2.3802e+07 0000 0000 
0000 2.3802e+07 0000 
0000 0000 2.3802e+07 


p1:
Element1
-6.6667e+06 0000 0000 
0000 -6.6667e+06 0000 
0000 0000 -6.6667e+06 


p1:
Element2
1.2850e+06 0000 0000 
0000 1.2850e+06 0000 
0000 0000 1.2850e+06 


p1:
Element3
-1.3477e+06 0000 0000 
0000 -1.3477e+06 0000 
0000 0000 -1.3477e+06 


p1:
Element4
-1.0538e+07 0000 0000 
0000 -1.0538e+07 0000 
0000 0000 -1.0538e+07 


p1:
Element1
4.5071e+06 0000 0000 
0000 4.5071e+06 0000 
0000 0000 4.5071e+06 


p1:
Element2
4.2566e+05 0000 0000 
0000 4.2566e+05 0000 
0000 0000 4.2566e+05 


p1:
Element3
4.6783e+06 0000 0000 
0000 4.6783e+06 0000 
0000 0000 4.6783e+06 


p1:
Element4
-3.3054e+06 0000 0000 
0000 -3.3054e+06 0000 
0000 0000 -3.3054e+06 


p1:
Element1
-5.3875e+06 0000 0000 
0000 -5.3875e+06 0000 
0000 0000 -5.3875e+06 


p1:
Element2
-2.1408e+06 0000 0000 
0000 -2.1408e+06 0000 
0000 0000 -2.1408e+06 


p1:
Element3
5.1186e+06 0000 0000 
0000 5.1186e+06 0000 
0000 0000 5.1186e+06 


p1:
Element4
1.7333e+07 0000 0000 
0000 1.7333e+07 0000 
0000 0000 1.7333e+07 


p1:
Element1
5.0661e+06 0000 0000 
0000 5.0661e+06 0000 
0000 0000 5.0661e+06 


p1:
Element2
6.6328e+06 0000 0000 
0000 6.6328e+06 0000 
0000 0000 6.6328e+06 


p1:
Element3
-7.7753e+06 0000 0000 
0000 -7.7753e+06 0000 
0000 0000 -7.7753e+06 


p1:
Element4
-1.6438e+07 0000 0000 
0000 -1.6438e+07 0000 
0000 0000 -1.6438e+07 


p1:
Element1
5.6850e+06 0000 0000 
0000 5.6850e+06 0000 
0000 0000 5.6850e+06 


p1:
Element2
3.0469e+06 0000 0000 
0000 3.0469e+06 0000 
0000 0000 3.0469e+06 


p1:
Element3
1.2407e+07 0000 0000 
0000 1.2407e+07 0000 
0000 0000 1.2407e+07 


p1:
Element4
1.0670e+07 0000 0000 
0000 1.0670e+07 0000 
0000 0000 1.0670e+07 


p1:
Element1
-1.0329e+06 0000 0000 
0000 -1.0329e+06 0000 
0000 0000 -1.0329e+06 


p1:
Element2
-8.8075e+06 0000 0000 
0000 -8.8075e+06 0000 
0000 0000 -8.8075e+06 


p1:
Element3
-8.7940e+06 0000 0000 
0000 -8.7940e+06 0000 
0000 0000 -8.7940e+06 


p1:
Element4
-3.9742e+06 0000 0000 
0000 -3.9742e+06 0000 
0000 0000 -3.9742e+06 


p1:
Element1
1.3315e+07 0000 0000 
0000 1.3315e+07 0000 
0000 0000 1.3315e+07 


p1:
Element2
1.9307e+07 0000 0000 
0000 1.9307e+07 0000 
0000 0000 1.9307e+07 


p1:
Element3
1.6169e+06 0000 0000 
0000 1.6169e+06 0000 
0000 0000 1.6169e+06 


p1:
Element4
-2.8738e+06 0000 0000 
0000 -2.8738e+06 0000 
0000 0000 -2.8738e+06 


p1:
Element1
-1.1989e+07 0000 0000 
0000 -1.1989e+07 0000 
0000 0000 -1.1989e+07 


p1:
Element2
-8.0690e+06 0000 0000 
0000 -8.0690e+06 0000 
0000 0000 -8.0690e+06 


p1:
Element3
2.0892e+06 0000 0000 
0000 2.0892e+06 0000 
0000 0000 2.0892e+06 


p1:
Element4
4.8295e+06 0000 0000 
0000 4.8295e+06 0000 
0000 0000 4.8295e+06 


p1:
Element1
1.3267e+07 0000 0000 
0000 1.3267e+07 0000 
0000 0000 1.3267e+07 


p1:
Element2
-6.9233e+05 0000 0000 
0000 -6.9233e+05 0000 
0000 0000 -6.9233e+05 


p1:
Element3
2.7919e+06 0000 0000 
0000 2.7919e+06 0000 
0000 0000 2.7919e+06 


p1:
Element4
-1.7699e+06 0000 0000 
0000 -1.7699e+06 0000 
0000 0000 -1.7699e+06 


p1:
Element1
-8.3105e+06 0000 0000 
0000 -8.3105e+06 0000 
0000 0000 -8.3105e+06 


p1:
Element2
5.6081e+06 0000 0000 
0000 5.6081e+06 0000 
0000 0000 5.6081e+06 


p1:
Element3
3.9371e+06 0000 0000 
0000 3.9371e+06 0000 
0000 0000 3.9371e+06 


p1:
Element4
2.5553e+06 0000 0000 
0000 2.5553e+06 0000 
0000 0000 2.5553e+06 


p1:
Element1
-3.5170e+06 0000 0000 
0000 -3.5170e+06 0000 
0000 0000 -3.5170e+06 


p1:
Element2
-1.8387e+06 0000 0000 
0000 -1.8387e+06 0000 
0000 0000 -1.8387e+06 


p1:
Element3
-2.2664e+06 0000 0000 
0000 -2.2664e+06 0000 
0000 0000 -2.2664e+06 


p1:
Element4
4.4245e+06 0000 0000 
0000 4.4245e+06 0000 
0000 0000 4.4245e+06 


p1:
Element1
1.1133e+07 0000 0000 
0000 1.1133e+07 0000 
0000 0000 1.1133e+07 


p1:
Element2
-9.1791e+05 0000 0000 
0000 -9.1791e+05 0000 
0000 0000 -9.1791e+05 


p1:
Element3
1.9369e+06 0000 0000 
0000 1.9369e+06 0000 
0000 0000 1.9369e+06 


p1:
Element4
6.9802e+05 0000 0000 
0000 6.9802e+05 0000 
0000 0000 6.9802e+05 


p1:
Element1
-1.5643e+07 0000 0000 
0000 -1.5643e+07 0000 
0000 0000 -1.5643e+07 


p1:
Element2
-2.4860e+06 0000 0000 
0000 -2.4860e+06 0000 
0000 0000 -2.4860e+06 


p1:
Element3
1.4227e+06 0000 0000 
0000 1.4227e+06 0000 
0000 0000 1.4227e+06 


p1:
Element4
3.5979e+05 0000 0000 
0000 3.5979e+05 0000 
0000 0000 3.5979e+05 


p1:
Element1
1.6743e+07 0000 0000 
0000 1.6743e+07 0000 
0000 0000 1.6743e+07 


p1:
Element2
9.2569e+06 0000 0000 
0000 9.2569e+06 0000 
0000 0000 9.2569e+06 


p1:
Element3
-1.9427e+06 0000 0000 
0000 -1.9427e+06 0000 
0000 0000 -1.9427e+06 


p1:
Element4
5.3092e+06 0000 0000 
0000 5.3092e+06 0000 
0000 0000 5.3092e+06 


p1:
Element1
-8.2185e+06 0000 0000 
0000 -8.2185e+06 0000 
0000 0000 -8.2185e+06 


p1:
Element2
-1.2230e+07 0000 0000 
0000 -1.2230e+07 0000 
0000 0000 -1.2230e+07 


p1:
Element3
-2.3159e+06 0000 0000 
0000 -2.3159e+06 0000 
0000 0000 -2.3159e+06 


p1:
Element4
1.9406e+06 0000 0000 
0000 1.9406e+06 0000 
0000 0000 1.9406e+06 


p1:
Element1
4.1866e+05 0000 0000 
0000 4.1866e+05 0000 
0000 0000 4.1866e+05 


p1:
Element2
1.0900e+07 0000 0000 
0000 1.0900e+07 0000 
0000 0000 1.0900e+07 


p1:
Element3
1.5136e+07 0000 0000 
0000 1.5136e+07 0000 
0000 0000 1.5136e+07 


p1:
Element4
-1.8454e+05 0000 0000 
0000 -1.8454e+05 0000 
0000 0000 -1.8454e+05 


p1:
Element1
4.8862e+06 0000 0000 
0000 4.8862e+06 0000 
0000 0000 4.8862e+06 


p1:
Element2
1.5322e+06 0000 0000 
0000 1.5322e+06 0000 
0000 0000 1.5322e+06 


p1:
Element3
-9.2783e+06 0000 0000 
0000 -9.2783e+06 0000 
0000 0000 -9.2783e+06 


p1:
Element4
-8.1812e+06 0000 0000 
0000 -8.1812e+06 0000 
0000 0000 -8.1812e+06 


p1:
Element1
-2.4710e+06 0000 0000 
0000 -2.4710e+06 0000 
0000 0000 -2.4710e+06 


p1:
Element2
-1.9699e+06 0000 0000 
0000 -1.9699e+06 0000 
0000 0000 -1.9699e+06 


p1:
Element3
3.5917e+06 0000 0000 
0000 3.5917e+06 0000 
0000 0000 3.5917e+06 


p1:
Element4
1.5704e+07 0000 0000 
0000 1.5704e+07 0000 
0000 0000 1.5704e+07 


p1:
Element1
1.2666e+07 0000 0000 
0000 1.2666e+07 0000 
0000 0000 1.2666e+07 


p1:
Element2
8.8850e+06 0000 0000 
0000 8.8850e+06 0000 
0000 0000 8.8850e+06 


p1:
Element3
2.6267e+06 0000 0000 
0000 2.6267e+06 0000 
0000 0000 2.6267e+06 


p1:
Element4
-1.4253e+07 0000 0000 
0000 -1.4253e+07 0000 
0000 0000 -1.4253e+07 


p1:
Element1
-2.1466e+06 0000 0000 
0000 -2.1466e+06 0000 
0000 0000 -2.1466e+06 


p1:
Element2
-5.2172e+06 0000 0000 
0000 -5.2172e+06 0000 
0000 0000 -5.2172e+06 


p1:
Element3
-4.2544e+06 0000 0000 
0000 -4.2544e+06 0000 
0000 0000 -4.2544e+06 


p1:
Element4
5.3025e+05 0000 0000 
0000 5.3025e+05 0000 
0000 0000 5.3025e+05 


p1:
Element1
6.4121e+06 0000 0000 
0000 6.4121e+06 0000 
0000 0000 6.4121e+06 


p1:
Element2
5.9409e+06 0000 0000 
0000 5.9409e+06 0000 
0000 0000 5.9409e+06 


p1:
Element3
4.3997e+06 0000 0000 
0000 4.3997e+06 0000 
0000 0000 4.3997e+06 


p1:
Element4
1.7343e+07 0000 0000 
0000 1.7343e+07 0000 
0000 0000 1.7343e+07 


p1:
Element1
-4.6132e+06 0000 0000 
0000 -4.6132e+06 0000 
0000 0000 -4.6132e+06 


p1:
Element2
2.0274e+05 0000 0000 
0000 2.0274e+05 0000 
0000 0000 2.0274e+05 


p1:
Element3
-5.3220e+06 0000 0000 
0000 -5.3220e+06 0000 
0000 0000 -5.3220e+06 


p1:
Element4
-2.2163e+07 0000 0000 
0000 -2.2163e+07 0000 
0000 0000 -2.2163e+07 


p1:
Element1
-3.3692e+06 0000 0000 
0000 -3.3692e+06 0000 
0000 0000 -3.3692e+06 


p1:
Element2
1.6579e+06 0000 0000 
0000 1.6579e+06 0000 
0000 0000 1.6579e+06 


p1:
Element3
1.7832e+07 0000 0000 
0000 1.7832e+07 0000 
0000 0000 1.7832e+07 


p1:
Element4
1.8486e+07 0000 0000 
0000 1.8486e+07 0000 
0000 0000 1.8486e+07 


p1:
Element1
2.4174e+06 0000 0000 
0000 2.4174e+06 0000 
0000 0000 2.4174e+06 


p1:
Element2
-6.9707e+06 0000 0000 
0000 -6.9707e+06 0000 
0000 0000 -6.9707e+06 


p1:
Element3
-1.2938e+07 0000 0000 
0000 -1.2938e+07 0000 
0000 0000 -1.2938e+07 


p1:
Element4
-2.9898e+06 0000 0000 
0000 -2.9898e+06 0000 
0000 0000 -2.9898e+06 


p1:
Element1
1.4671e+04 0000 0000 
0000 1.4671e+04 0000 
0000 0000 1.4671e+04 


p1:
Element2
8.6365e+06 0000 0000 
0000 8.6365e+06 0000 
0000 0000 8.6365e+06 


p1:
Element3
5.0099e+06 0000 0000 
0000 5.0099e+06 0000 
0000 0000 5.0099e+06 


p1:
Element4
3.2549e+06 0000 0000 
0000 3.2549e+06 0000 
0000 0000 3.2549e+06 


p1:
Element1
-2.5332e+06 0000 0000 
0000 -2.5332e+06 0000 
0000 0000 -2.5332e+06 


p1:
Element2
-4.8242e+06 0000 0000 
0000 -4.8242e+06 0000 
0000 0000 -4.8242e+06 


p1:
Element3
4.7612e+06 0000 0000 
0000 4.7612e+06 0000 
0000 0000 4.7612e+06 


p1:
Element4
4.8343e+06 0000 0000 
0000 4.8343e+06 0000 
0000 0000 4.8343e+06 


p1:
Element1
6.8597e+06 0000 0000 
0000 6.8597e+06 0000 
0000 0000 6.8597e+06 


p1:
Element2
-3.6169e+06 0000 0000 
0000 -3.6169e+06 0000 
0000 0000 -3.6169e+06 


p1:
Element3
-9.7090e+06 0000 0000 
0000 -9.7090e+06 0000 
0000 0000 -9.7090e+06 


p1:
Element4
-6.1580e+06 0000 0000 
0000 -6.1580e+06 0000 
0000 0000 -6.1580e+06 


p1:
Element1
-4.6813e+06 0000 0000 
0000 -4.6813e+06 0000 
0000 0000 -4.6813e+06 


p1:
Element2
1.2919e+07 0000 0000 
0000 1.2919e+07 0000 
0000 0000 1.2919e+07 


p1:
Element3
1.1373e+07 0000 0000 
0000 1.1373e+07 0000 
0000 0000 1.1373e+07 


p1:
Element4
1.2639e+07 0000 0000 
0000 1.2639e+07 0000 
0000 0000 1.2639e+07 


p1:
Element1
1.2375e+06 0000 0000 
0000 1.2375e+06 0000 
0000 0000 1.2375e+06 


p1:
Element2
-7.2879e+06 0000 0000 
0000 -7.2879e+06 0000 
0000 0000 -7.2879e+06 


p1:
Element3
-6.5437e+06 0000 0000 
0000 -6.5437e+06 0000 
0000 0000 -6.5437e+06 


p1:
Element4
-1.2894e+07 0000 0000 
0000 -1.2894e+07 0000 
0000 0000 -1.2894e+07 


p1:
Element1
9.8661e+06 0000 0000 
0000 9.8661e+06 0000 
0000 0000 9.8661e+06 


p1:
Element2
3.3296e+06 0000 0000 
0000 3.3296e+06 0000 
0000 0000 3.3296e+06 


p1:
Element3
1.1649e+07 0000 0000 
0000 1.1649e+07 0000 
0000 0000 1.1649e+07 


p1:
Element4
1.1158e+07 0000 0000 
0000 1.1158e+07 0000 
0000 0000 1.1158e+07 


p1:
Element1
-1.0251e+07 0000 0000 
0000 -1.0251e+07 0000 
0000 0000 -1.0251e+07 


p1:
Element2
3.1593e+06 0000 0000 
0000 3.1593e+06 0000 
0000 0000 3.1593e+06 


p1:
Element3
-4.4072e+06 0000 0000 
0000 -4.4072e+06 0000 
0000 0000 -4.4072e+06 


p1:
Element4
-6.2553e+06 0000 0000 
0000 -6.2553e+06 0000 
0000 0000 -6.2553e+06 


p1:
Element1
1.7551e+07 0000 0000 
0000 1.7551e+07 0000 
0000 0000 1.7551e+07 


p1:
Element2
8.8947e+06 0000 0000 
0000 8.8947e+06 0000 
0000 0000 8.8947e+06 


p1:
Element3
-2.0621e+06 0000 0000 
0000 -2.0621e+06 0000 
0000 0000 -2.0621e+06 


p1:
Element4
-1.9119e+06 0000 0000 
0000 -1.9119e+06 0000 
0000 0000 -1.9119e+06 


p1:
Element1
-6.7687e+06 0000 0000 
0000 -6.7687e+06 0000 
0000 0000 -6.7687e+06 


p1:
Element2
-9.8810e+06 0000 0000 
0000 -9.8810e+06 0000 
0000 0000 -9.8810e+06 


p1:
Element3
4.1387e+06 0000 0000 
0000 4.1387e+06 0000 
0000 0000 4.1387e+06 


p1:
Element4
7.9348e+06 0000 0000 
0000 7.9348e+06 0000 
0000 0000 7.9348e+06 


p1:
Element1
6.5419e+06 0000 0000 
0000 6.5419e+06 0000 
0000 0000 6.5419e+06 


p1:
Element2
8.8050e+06 0000 0000 
0000 8.8050e+06 0000 
0000 0000 8.8050e+06 


p1:
Element3
-1.1411e+06 0000 0000 
0000 -1.1411e+06 0000 
0000 0000 -1.1411e+06 


p1:
Element4
-9.5889e+06 0000 0000 
0000 -9.5889e+06 0000 
0000 0000 -9.5889e+06 


p1:
Element1
1.8062e+06 0000 0000 
0000 1.8062e+06 0000 
0000 0000 1.8062e+06 


p1:
Element2
2.1544e+06 0000 0000 
0000 2.1544e+06 0000 
0000 0000 2.1544e+06 


p1:
Element3
6.1064e+05 0000 0000 
0000 6.1064e+05 0000 
0000 0000 6.1064e+05 


p1:
Element4
9.9709e+06 0000 0000 
0000 9.9709e+06 0000 
0000 0000 9.9709e+06 


p1:
Element1
-1.0672e+07 0000 0000 
0000 -1.0672e+07 0000 
0000 0000 -1.0672e+07 


p1:
Element2
-1.0742e+07 0000 0000 
0000 -1.0742e+07 0000 
0000 0000 -1.0742e+07 


p1:
Element3
2.5790e+06 0000 0000 
0000 2.5790e+06 0000 
0000 0000 2.5790e+06 


p1:
Element4
5.0649e+06 0000 0000 
0000 5.0649e+06 0000 
0000 0000 5.0649e+06 


p1:
Element1
8.8400e+06 0000 0000 
0000 8.8400e+06 0000 
0000 0000 8.8400e+06 


p1:
Element2
1.2733e+07 0000 0000 
0000 1.2733e+07 0000 
0000 0000 1.2733e+07 


p1:
Element3
7.6385e+06 0000 0000 
0000 7.6385e+06 0000 
0000 0000 7.6385e+06 


p1:
Element4
-9.1185e+06 0000 0000 
0000 -9.1185e+06 0000 
0000 0000 -9.1185e+06 


p1:
Element1
-1.4661e+07 0000 0000 
0000 -1.4661e+07 0000 
0000 0000 -1.4661e+07 


p1:
Element2
-8.8906e+06 0000 0000 
0000 -8.8906e+06 0000 
0000 0000 -8.8906e+06 


p1:
Element3
-5.3129e+06 0000 0000 
0000 -5.3129e+06 0000 
0000 0000 -5.3129e+06 


p1:
Element4
9.6700e+06 0000 0000 
0000 9.6700e+06 0000 
0000 0000 9.6700e+06 


p1:
Element1
1.6661e+07 0000 0000 
0000 1.6661e+07 0000 
0000 0000 1.6661e+07 


p1:
Element2
4.6158e+06 0000 0000 
0000 4.6158e+06 0000 
0000 0000 4.6158e+06 


p1:
Element3
4.5475e+05 0000 0000 
0000 4.5475e+05 0000 
0000 0000 4.5475e+05 


p1:
Element4
7.8971e+06 0000 0000 
0000 7.8971e+06 0000 
0000 0000 7.8971e+06 


p1:
Element1
-6.0162e+06 0000 0000 
0000 -6.0162e+06 0000 
0000 0000 -6.0162e+06 


p1:
Element2
-2.2820e+06 0000 0000 
0000 -2.2820e+06 0000 
0000 0000 -2.2820e+06 


p1:
Element3
-1.6388e+05 0000 0000 
0000 -1.6388e+05 0000 
0000 0000 -1.6388e+05 


p1:
Element4
-1.2740e+07 0000 0000 
0000 -1.2740e+07 0000 
0000 0000 -1.2740e+07 


p1:
Element1
1.5601e+06 0000 0000 
0000 1.5601e+06 0000 
0000 0000 1.5601e+06 


p1:
Element2
3.5275e+06 0000 0000 
0000 3.5275e+06 0000 
0000 0000 3.5275e+06 


p1:
Element3
6.9868e+06 0000 0000 
0000 6.9868e+06 0000 
0000 0000 6.9868e+06 


p1:
Element4
1.3263e+07 0000 0000 
0000 1.3263e+07 0000 
0000 0000 1.3263e+07 


p1:
Element1
8.1850e+06 0000 0000 
0000 8.1850e+06 0000 
0000 0000 8.1850e+06 


p1:
Element2
1.3450e+06 0000 0000 
0000 1.3450e+06 0000 
0000 0000 1.3450e+06 


p1:
Element3
-9.4292e+06 0000 0000 
0000 -9.4292e+06 0000 
0000 0000 -9.4292e+06 


p1:
Element4
-6.0570e+06 0000 0000 
0000 -6.0570e+06 0000 
0000 0000 -6.0570e+06 


p1:
Element1
-1.0585e+07 0000 0000 
0000 -1.0585e+07 0000 
0000 0000 -1.0585e+07 


p1:
Element2
4.2024e+06 0000 0000 
0000 4.2024e+06 0000 
0000 0000 4.2024e+06 


p1:
Element3
1.2433e+07 0000 0000 
0000 1.2433e+07 0000 
0000 0000 1.2433e+07 


p1:
Element4
2.4165e+05 0000 0000 
0000 2.4165e+05 0000 
0000 0000 2.4165e+05 


p1:
Element1
1.3078e+07 0000 0000 
0000 1.3078e+07 0000 
0000 0000 1.3078e+07 


p1:
Element2
2.8544e+06 0000 0000 
0000 2.8544e+06 0000 
0000 0000 2.8544e+06 


p1:
Element3
2.6150e+06 0000 0000 
0000 2.6150e+06 0000 
0000 0000 2.6150e+06 


p1:
Element4
-1.6393e+06 0000 0000 
0000 -1.6393e+06 0000 
0000 0000 -1.6393e+06 


p1:
Element1
3.3581e+05 0000 0000 
0000 3.3581e+05 0000 
0000 0000 3.3581e+05 


p1:
Element2
-5.4710e+06 0000 0000 
0000 -5.4710e+06 0000 
0000 0000 -5.4710e+06 


p1:
Element3
-1.0935e+07 0000 0000 
0000 -1.0935e+07 0000 
0000 0000 -1.0935e+07 


p1:
Element4
1.4549e+06 0000 0000 
0000 1.4549e+06 0000 
0000 0000 1.4549e+06 


p1:
Element1
3.0345e+06 0000 0000 
0000 3.0345e+06 0000 
0000 0000 3.0345e+06 


p1:
Element2
1.4059e+07 0000 0000 
0000 1.4059e+07 0000 
0000 0000 1.4059e+07 


p1:
Element3
1.1574e+07 0000 0000 
0000 1.1574e+07 0000 
0000 0000 1.1574e+07 


p1:
Element4
7.9306e+06 0000 0000 
0000 7.9306e+06 0000 
0000 0000 7.9306e+06 


p1:
Element1
1.9348e+06 0000 0000 
0000 1.9348e+06 0000 
0000 0000 1.9348e+06 


p1:
Element2
-9.4010e+06 0000 0000 
0000 -9.4010e+06 0000 
0000 0000 -9.4010e+06 


p1:
Element3
-1.0054e+07 0000 0000 
0000 -1.0054e+07 0000 
0000 0000 -1.0054e+07 


p1:
Element4
-1.7019e+07 0000 0000 
0000 -1.7019e+07 0000 
0000 0000 -1.7019e+07 


p1:
Element1
-1.3315e+06 0000 0000 
0000 -1.3315e+06 0000 
0000 0000 -1.3315e+06 


p1:
Element2
2.8023e+06 0000 0000 
0000 2.8023e+06 0000 
0000 0000 2.8023e+06 


p1:
Element3
1.1935e+07 0000 0000 
0000 1.1935e+07 0000 
0000 0000 1.1935e+07 


p1:
Element4
2.2900e+07 0000 0000 
0000 2.2900e+07 0000 
0000 0000 2.2900e+07 


p1:
Element1
-4.1367e+06 0000 0000 
0000 -4.1367e+06 0000 
0000 0000 -4.1367e+06 


p1:
Element2
3.2510e+06 0000 0000 
0000 3.2510e+06 0000 
0000 0000 3.2510e+06 


p1:
Element3
-6.8070e+06 0000 0000 
0000 -6.8070e+06 0000 
0000 0000 -6.8070e+06 


p1:
Element4
-1.1638e+07 0000 0000 
0000 -1.1638e+07 0000 
0000 0000 -1.1638e+07 


p1:
Element1
2.1979e+06 0000 0000 
0000 2.1979e+06 0000 
0000 0000 2.1979e+06 


p1:
Element2
-2.3249e+06 0000 0000 
0000 -2.3249e+06 0000 
0000 0000 -2.3249e+06 


p1:
Element3
7.1471e+06 0000 0000 
0000 7.1471e+06 0000 
0000 0000 7.1471e+06 


p1:
Element4
6.6381e+06 0000 0000 
0000 6.6381e+06 0000 
0000 0000 6.6381e+06 


p1:
Element1
-4.9578e+06 0000 0000 
0000 -4.9578e+06 0000 
0000 0000 -4.9578e+06 


p1:
Element2
-5.7949e+06 0000 0000 
0000 -5.7949e+06 0000 
0000 0000 -5.7949e+06 


p1:
Element3
5.0829e+06 0000 0000 
0000 5.0829e+06 0000 
0000 0000 5.0829e+06 


p1:
Element4
9.7637e+06 0000 0000 
0000 9.7637e+06 0000 
0000 0000 9.7637e+06 


p1:
Element1
4.7358e+06 0000 0000 
0000 4.7358e+06 0000 
0000 0000 4.7358e+06 


p1:
Element2
8.8350e+06 0000 0000 
0000 8.8350e+06 0000 
0000 0000 8.8350e+06 


p1:
Element3
-1.0062e+07 0000 0000 
0000 -1.0062e+07 0000 
0000 0000 -1.0062e+07 


p1:
Element4
-1.4620e+07 0000 0000 
0000 -1.4620e+07 0000 
0000 0000 -1.4620e+07 


p1:
Element1
3.6113e+05 0000 0000 
0000 3.6113e+05 0000 
0000 0000 3.6113e+05 


p1:
Element2
1.8806e+06 0000 0000 
0000 1.8806e+06 0000 
0000 0000 1.8806e+06 


p1:
Element3
8.6315e+06 0000 0000 
0000 8.6315e+06 0000 
0000 0000 8.6315e+06 


p1:
Element4
1.8539e+07 0000 0000 
0000 1.8539e+07 0000 
0000 0000 1.8539e+07 


p1:
Element1
2.7166e+06 0000 0000 
0000 2.7166e+06 0000 
0000 0000 2.7166e+06 


p1:
Element2
-9.7942e+06 0000 0000 
0000 -9.7942e+06 0000 
0000 0000 -9.7942e+06 


p1:
Element3
-7.0077e+06 0000 0000 
0000 -7.0077e+06 0000 
0000 0000 -7.0077e+06 


p1:
Element4
-1.1680e+07 0000 0000 
0000 -1.1680e+07 0000 
0000 0000 -1.1680e+07 


p1:
Element1
7.9249e+06 0000 0000 
0000 7.9249e+06 0000 
0000 0000 7.9249e+06 


p1:
Element2
1.6354e+07 0000 0000 
0000 1.6354e+07 0000 
0000 0000 1.6354e+07 


p1:
Element3
1.0630e+07 0000 0000 
0000 1.0630e+07 0000 
0000 0000 1.0630e+07 


p1:
Element4
3.1105e+06 0000 0000 
0000 3.1105e+06 0000 
0000 0000 3.1105e+06 


p1:
Element1
-1.0143e+07 0000 0000 
0000 -1.0143e+07 0000 
0000 0000 -1.0143e+07 


p1:
Element2
-6.8978e+06 0000 0000 
0000 -6.8978e+06 0000 
0000 0000 -6.8978e+06 


p1:
Element3
-5.4059e+06 0000 0000 
0000 -5.4059e+06 0000 
0000 0000 -5.4059e+06 


p1:
Element4
3.2080e+06 0000 0000 
0000 3.2080e+06 0000 
0000 0000 3.2080e+06 


p1:
Element1
1.6685e+07 0000 0000 
0000 1.6685e+07 0000 
0000 0000 1.6685e+07 


p1:
Element2
6.4992e+06 0000 0000 
0000 6.4992e+06 0000 
0000 0000 6.4992e+06 


p1:
Element3
4.7435e+06 0000 0000 
0000 4.7435e+06 0000 
0000 0000 4.7435e+06 


p1:
Element4
-3.5134e+06 0000 0000 
0000 -3.5134e+06 0000 
0000 0000 -3.5134e+06 


p1:
Element1
-1.3057e+07 0000 0000 
0000 -1.3057e+07 0000 
0000 0000 -1.3057e+07 


p1:
Element2
3.4646e+05 0000 0000 
0000 3.4646e+05 0000 
0000 0000 3.4646e+05 


p1:
Element3
5.3775e+06 0000 0000 
0000 5.3775e+06 0000 
0000 0000 5.3775e+06 


p1:
Element4
-2.3901e+06 0000 0000 
0000 -2.3901e+06 0000 
0000 0000 -2.3901e+06 


p1:
Element1
1.3101e+07 0000 0000 
0000 1.3101e+07 0000 
0000 0000 1.3101e+07 


p1:
Element2
3.5504e+06 0000 0000 
0000 3.5504e+06 0000 
0000 0000 3.5504e+06 


p1:
Element3
-6.9335e+06 0000 0000 
0000 -6.9335e+06 0000 
0000 0000 -6.9335e+06 


p1:
Element4
3.8707e+06 0000 0000 
0000 3.8707e+06 0000 
0000 0000 3.8707e+06 


p1:
Element1
3.3888e+06 0000 0000 
0000 3.3888e+06 0000 
0000 0000 3.3888e+06 


p1:
Element2
-2.7432e+06 0000 0000 
0000 -2.7432e+06 0000 
0000 0000 -2.7432e+06 


p1:
Element3
-1.2477e+06 0000 0000 
0000 -1.2477e+06 0000 
0000 0000 -1.2477e+06 


p1:
Element4
5.7171e+06 0000 0000 
0000 5.7171e+06 0000 
0000 0000 5.7171e+06 


p1:
Element1
-1.0937e+07 0000 0000 
0000 -1.0937e+07 0000 
0000 0000 -1.0937e+07 


p1:
Element2
-1.2957e+05 0000 0000 
0000 -1.2957e+05 0000 
0000 0000 -1.2957e+05 


p1:
Element3
8.0366e+06 0000 0000 
0000 8.0366e+06 0000 
0000 0000 8.0366e+06 


p1:
Element4
-3.6920e+06 0000 0000 
0000 -3.6920e+06 0000 
0000 0000 -3.6920e+06 


p1:
Element1
1.1022e+07 0000 0000 
0000 1.1022e+07 0000 
0000 0000 1.1022e+07 


p1:
Element2
4.7174e+06 0000 0000 
0000 4.7174e+06 0000 
0000 0000 4.7174e+06 


p1:
Element3
-7.0512e+05 0000 0000 
0000 -7.0512e+05 0000 
0000 0000 -7.0512e+05 


p1:
Element4
1.7033e+06 0000 0000 
0000 1.7033e+06 0000 
0000 0000 1.7033e+06 


p1:
Element1
-1.7041e+07 0000 0000 
0000 -1.7041e+07 0000 
0000 0000 -1.7041e+07 


p1:
Element2
-8.8943e+06 0000 0000 
0000 -8.8943e+06 0000 
0000 0000 -8.8943e+06 


p1:
Element3
-1.9204e+06 0000 0000 
0000 -1.9204e+06 0000 
0000 0000 -1.9204e+06 


p1:
Element4
1.0337e+07 0000 0000 
0000 1.0337e+07 0000 
0000 0000 1.0337e+07 


p1:
Element1
1.0564e+07 0000 0000 
0000 1.0564e+07 0000 
0000 0000 1.0564e+07 


p1:
Element2
1.2592e+07 0000 0000 
0000 1.2592e+07 0000 
0000 0000 1.2592e+07 


p1:
Element3
1.0549e+07 0000 0000 
0000 1.0549e+07 0000 
0000 0000 1.0549e+07 


p1:
Element4
-4.6562e+06 0000 0000 
0000 -4.6562e+06 0000 
0000 0000 -4.6562e+06 


p1:
Element1
-4.2972e+06 0000 0000 
0000 -4.2972e+06 0000 
0000 0000 -4.2972e+06 


p1:
Element2
-1.2362e+07 0000 0000 
0000 -1.2362e+07 0000 
0000 0000 -1.2362e+07 


p1:
Element3
-7.0424e+06 0000 0000 
0000 -7.0424e+06 0000 
0000 0000 -7.0424e+06 


p1:
Element4
-2.4596e+06 0000 0000 
0000 -2.4596e+06 0000 
0000 0000 -2.4596e+06 


p1:
Element1
6.8329e+06 0000 0000 
0000 6.8329e+06 0000 
0000 0000 6.8329e+06 


p1:
Element2
7.3909e+06 0000 0000 
0000 7.3909e+06 0000 
0000 0000 7.3909e+06 


p1:
Element3
4.5583e+06 0000 0000 
0000 4.5583e+06 0000 
0000 0000 4.5583e+06 


p1:
Element4
1.8071e+07 0000 0000 
0000 1.8071e+07 0000 
0000 0000 1.8071e+07 


p1:
Element1
3.3538e+06 0000 0000 
0000 3.3538e+06 0000 
0000 0000 3.3538e+06 


p1:
Element2
5.2461e+06 0000 0000 
0000 5.2461e+06 0000 
0000 0000 5.2461e+06 


p1:
Element3
-8.4198e+06 0000 0000 
0000 -8.4198e+06 0000 
0000 0000 -8.4198e+06 


p1:
Element4
-2.1449e+07 0000 0000 
0000 -2.1449e+07 0000 
0000 0000 -2.1449e+07 


p1:
Element1
-2.8494e+06 0000 0000 
0000 -2.8494e+06 0000 
0000 0000 -2.8494e+06 


p1:
Element2
-2.4191e+06 0000 0000 
0000 -2.4191e+06 0000 
0000 0000 -2.4191e+06 


p1:
Element3
1.2884e+07 0000 0000 
0000 1.2884e+07 0000 
0000 0000 1.2884e+07 


p1:
Element4
1.3388e+07 0000 0000 
0000 1.3388e+07 0000 
0000 0000 1.3388e+07 


p1:
Element1
8.5367e+06 0000 0000 
0000 8.5367e+06 0000 
0000 0000 8.5367e+06 


p1:
Element2
2.2317e+06 0000 0000 
0000 2.2317e+06 0000 
0000 0000 2.2317e+06 


p1:
Element3
-4.1484e+06 0000 0000 
0000 -4.1484e+06 0000 
0000 0000 -4.1484e+06 


p1:
Element4
-4.0163e+06 0000 0000 
0000 -4.0163e+06 0000 
0000 0000 -4.0163e+06 


p1:
Element1
-3.2937e+06 0000 0000 
0000 -3.2937e+06 0000 
0000 0000 -3.2937e+06 


p1:
Element2
6.8107e+06 0000 0000 
0000 6.8107e+06 0000 
0000 0000 6.8107e+06 


p1:
Element3
1.3651e+05 0000 0000 
0000 1.3651e+05 0000 
0000 0000 1.3651e+05 


p1:
Element4
-4.1163e+06 0000 0000 
0000 -4.1163e+06 0000 
0000 0000 -4.1163e+06 


p1:
Element1
3.8070e+06 0000 0000 
0000 3.8070e+06 0000 
0000 0000 3.8070e+06 


p1:
Element2
-5.8196e+05 0000 0000 
0000 -5.8196e+05 0000 
0000 0000 -5.8196e+05 


p1:
Element3
1.0221e+07 0000 0000 
0000 1.0221e+07 0000 
0000 0000 1.0221e+07 


p1:
Element4
1.1836e+07 0000 0000 
0000 1.1836e+07 0000 
0000 0000 1.1836e+07 


p1:
Element1
3.3423e+06 0000 0000 
0000 3.3423e+06 0000 
0000 0000 3.3423e+06 


p1:
Element2
-6.1324e+06 0000 0000 
0000 -6.1324e+06 0000 
0000 0000 -6.1324e+06 


p1:
Element3
-1.1546e+07 0000 0000 
0000 -1.1546e+07 0000 
0000 0000 -1.1546e+07 


p1:
Element4
-1.4814e+07 0000 0000 
0000 -1.4814e+07 0000 
0000 0000 -1.4814e+07 


p1:
Element1
-1.9157e+06 0000 0000 
0000 -1.9157e+06 0000 
0000 0000 -1.9157e+06 


p1:
Element2
1.4775e+07 0000 0000 
0000 1.4775e+07 0000 
0000 0000 1.4775e+07 


p1:
Element3
1.1419e+07 0000 0000 
0000 1.1419e+07 0000 
0000 0000 1.1419e+07 


p1:
Element4
1.6562e+07 0000 0000 
0000 1.6562e+07 0000 
0000 0000 1.6562e+07 


p1:
Element1
5.2539e+05 0000 0000 
0000 5.2539e+05 0000 
0000 0000 5.2539e+05 


p1:
Element2
-1.1354e+07 0000 0000 
0000 -1.1354e+07 0000 
0000 0000 -1.1354e+07 


p1:
Element3
-1.3075e+07 0000 0000 
0000 -1.3075e+07 0000 
0000 0000 -1.3075e+07 


p1:
Element4
-8.2171e+06 0000 0000 
0000 -8.2171e+06 0000 
0000 0000 -8.2171e+06 


p1:
Element1
4.4965e+06 0000 0000 
0000 4.4965e+06 0000 
0000 0000 4.4965e+06 


p1:
Element2
1.8299e+06 0000 0000 
0000 1.8299e+06 0000 
0000 0000 1.8299e+06 


p1:
Element3
1.3592e+07 0000 0000 
0000 1.3592e+07 0000 
0000 0000 1.3592e+07 


p1:
Element4
1.0889e+07 0000 0000 
0000 1.0889e+07 0000 
0000 0000 1.0889e+07 


p1:
Element1
-1.3743e+07 0000 0000 
0000 -1.3743e+07 0000 
0000 0000 -1.3743e+07 


p1:
Element2
5.4719e+05 0000 0000 
0000 5.4719e+05 0000 
0000 0000 5.4719e+05 


p1:
Element3
4.5547e+05 0000 0000 
0000 4.5547e+05 0000 
0000 0000 4.5547e+05 


p1:
Element4
-3.2381e+06 0000 0000 
0000 -3.2381e+06 0000 
0000 0000 -3.2381e+06 


p1:
Element1
1.0937e+07 0000 0000 
0000 1.0937e+07 0000 
0000 0000 1.0937e+07 


p1:
Element2
3.3952e+06 0000 0000 
0000 3.3952e+06 0000 
0000 0000 3.3952e+06 


p1:
Element3
-4.1535e+06 0000 0000 
0000 -4.1535e+06 0000 
0000 0000 -4.1535e+06 


p1:
Element4
2.2638e+06 0000 0000 
0000 2.2638e+06 0000 
0000 0000 2.2638e+06 


p1:
Element1
-8.7827e+06 0000 0000 
0000 -8.7827e+06 0000 
0000 0000 -8.7827e+06 


p1:
Element2
-4.6119e+06 0000 0000 
0000 -4.6119e+06 0000 
0000 0000 -4.6119e+06 


p1:
Element3
8.3439e+06 0000 0000 
0000 8.3439e+06 0000 
0000 0000 8.3439e+06 


p1:
Element4
9.0568e+06 0000 0000 
0000 9.0568e+06 0000 
0000 0000 9.0568e+06 


p1:
Element1
7.1506e+06 0000 0000 
0000 7.1506e+06 0000 
0000 0000 7.1506e+06 


p1:
Element2
5.9705e+06 0000 0000 
0000 5.9705e+06 0000 
0000 0000 5.9705e+06 


p1:
Element3
-3.4842e+06 0000 0000 
0000 -3.4842e+06 0000 
0000 0000 -3.4842e+06 


p1:
Element4
-1.5677e+07 0000 0000 
0000 -1.5677e+07 0000 
0000 0000 -1.5677e+07 


p1:
Element1
9.0787e+06 0000 0000 
0000 9.0787e+06 0000 
0000 0000 9.0787e+06 


p1:
Element2
2.6664e+06 0000 0000 
0000 2.6664e+06 0000 
0000 0000 2.6664e+06 


p1:
Element3
-4.9400e+05 0000 0000 
0000 -4.9400e+05 0000 
0000 0000 -4.9400e+05 


p1:
Element4
1.5067e+07 0000 0000 
0000 1.5067e+07 0000 
0000 0000 1.5067e+07 


p1:
Element1
-5.2892e+06 0000 0000 
0000 -5.2892e+06 0000 
0000 0000 -5.2892e+06 


p1:
Element2
-5.2917e+06 0000 0000 
0000 -5.2917e+06 0000 
0000 0000 -5.2917e+06 


p1:
Element3
-3.0088e+06 0000 0000 
0000 -3.0088e+06 0000 
0000 0000 -3.0088e+06 


p1:
Element4
-2.1114e+06 0000 0000 
0000 -2.1114e+06 0000 
0000 0000 -2.1114e+06 


p1:
Element1
1.2732e+07 0000 0000 
0000 1.2732e+07 0000 
0000 0000 1.2732e+07 


p1:
Element2
1.5222e+07 0000 0000 
0000 1.5222e+07 0000 
0000 0000 1.5222e+07 


p1:
Element3
1.0655e+07 0000 0000 
0000 1.0655e+07 0000 
0000 0000 1.0655e+07 


p1:
Element4
-1.0760e+07 0000 0000 
0000 -1.0760e+07 0000 
0000 0000 -1.0760e+07 


p1:
Element1
-1.4933e+07 0000 0000 
0000 -1.4933e+07 0000 
0000 0000 -1.4933e+07 


p1:
Element2
-1.0924e+07 0000 0000 
0000 -1.0924e+07 0000 
0000 0000 -1.0924e+07 


p1:
Element3
-2.7148e+06 0000 0000 
0000 -2.7148e+06 0000 
0000 0000 -2.7148e+06 


p1:
Element4
8.5085e+06 0000 0000 
0000 8.5085e+06 0000 
0000 0000 8.5085e+06 


p1:
Element1
1.7026e+07 0000 0000 
0000 1.7026e+07 0000 
0000 0000 1.7026e+07 


p1:
Element2
1.1755e+07 0000 0000 
0000 1.1755e+07 0000 
0000 0000 1.1755e+07 


p1:
Element3
1.3667e+06 0000 0000 
0000 1.3667e+06 0000 
0000 0000 1.3667e+06 


p1:
Element4
2.8558e+06 0000 0000 
0000 2.8558e+06 0000 
0000 0000 2.8558e+06 


p1:
Element1
-9.9175e+06 0000 0000 
0000 -9.9175e+06 0000 
0000 0000 -9.9175e+06 


p1:
Element2
-4.1312e+06 0000 0000 
0000 -4.1312e+06 0000 
0000 0000 -4.1312e+06 


p1:
Element3
6.9697e+05 0000 0000 
0000 6.9697e+05 0000 
0000 0000 6.9697e+05 


p1:
Element4
-8.8363e+06 0000 0000 
0000 -8.8363e+06 0000 
0000 0000 -8.8363e+06 


p1:
Element1
6.9025e+06 0000 0000 
0000 6.9025e+06 0000 
0000 0000 6.9025e+06 


p1:
Element2
-1.2134e+06 0000 0000 
0000 -1.2134e+06 0000 
0000 0000 -1.2134e+06 


p1:
Element3
5.4470e+06 0000 0000 
0000 5.4470e+06 0000 
0000 0000 5.4470e+06 


p1:
Element4
1.4019e+07 0000 0000 
0000 1.4019e+07 0000 
0000 0000 1.4019e+07 


p1:
Element1
3.2335e+06 0000 0000 
0000 3.2335e+06 0000 
0000 0000 3.2335e+06 


p1:
Element2
7.1948e+05 0000 0000 
0000 7.1948e+05 0000 
0000 0000 7.1948e+05 


p1:
Element3
-1.1680e+07 0000 0000 
0000 -1.1680e+07 0000 
0000 0000 -1.1680e+07 


p1:
Element4
-5.7593e+06 0000 0000 
0000 -5.7593e+06 0000 
0000 0000 -5.7593e+06 


p1:
Element1
-1.2217e+07 0000 0000 
0000 -1.2217e+07 0000 
0000 0000 -1.2217e+07 


p1:
Element2
4.3076e+06 0000 0000 
0000 4.3076e+06 0000 
0000 0000 4.3076e+06 


p1:
Element3
1.0673e+07 0000 0000 
0000 1.0673e+07 0000 
0000 0000 1.0673e+07 


p1:
Element4
7.4836e+06 0000 0000 
0000 7.4836e+06 0000 
0000 0000 7.4836e+06 


p1:
Element1
9.4068e+06 0000 0000 
0000 9.4068e+06 0000 
0000 0000 9.4068e+06 


p1:
Element2
-4.3836e+06 0000 0000 
0000 -4.3836e+06 0000 
0000 0000 -4.3836e+06 


p1:
Element3
9.8155e+05 0000 0000 
0000 9.8155e+05 0000 
0000 0000 9.8155e+05 


p1:
Element4
-2.5196e+06 0000 0000 
0000 -2.5196e+06 0000 
0000 0000 -2.5196e+06 


p1:
Element1
-8.5867e+06 0000 0000 
0000 -8.5867e+06 0000 
0000 0000 -8.5867e+06 


p1:
Element2
-3.9391e+06 0000 0000 
0000 -3.9391e+06 0000 
0000 0000 -3.9391e+06 


p1:
Element3
-5.2359e+05 0000 0000 
0000 -5.2359e+05 0000 
0000 0000 -5.2359e+05 


p1:
Element4
4.4944e+06 0000 0000 
0000 4.4944e+06 0000 
0000 0000 4.4944e+06 


p1:
Element1
4.8348e+06 0000 0000 
0000 4.8348e+06 0000 
0000 0000 4.8348e+06 


p1:
Element2
1.4011e+07 0000 0000 
0000 1.4011e+07 0000 
0000 0000 1.4011e+07 


p1:
Element3
7.3556e+06 0000 0000 
0000 7.3556e+06 0000 
0000 0000 7.3556e+06 


p1:
Element4
5.4733e+06 0000 0000 
0000 5.4733e+06 0000 
0000 0000 5.4733e+06 


p1:
Element1
2.6846e+06 0000 0000 
0000 2.6846e+06 0000 
0000 0000 2.6846e+06 


p1:
Element2
-1.1512e+07 0000 0000 
0000 -1.1512e+07 0000 
0000 0000 -1.1512e+07 


p1:
Element3
-1.0821e+07 0000 0000 
0000 -1.0821e+07 0000 
0000 0000 -1.0821e+07 


p1:
Element4
-1.1761e+07 0000 0000 
0000 -1.1761e+07 0000 
0000 0000 -1.1761e+07 


p1:
Element1
3.3113e+06 0000 0000 
0000 3.3113e+06 0000 
0000 0000 3.3113e+06 


p1:
Element2
8.8552e+06 0000 0000 
0000 8.8552e+06 0000 
0000 0000 8.8552e+06 


p1:
Element3
1.4906e+07 0000 0000 
0000 1.4906e+07 0000 
0000 0000 1.4906e+07 


p1:
Element4
1.6272e+07 0000 0000 
0000 1.6272e+07 0000 
0000 0000 1.6272e+07 


p1:
Element1
2.9577e+06 0000 0000 
0000 2.9577e+06 0000 
0000 0000 2.9577e+06 


p1:
Element2
3.3395e+06 0000 0000 
0000 3.3395e+06 0000 
0000 0000 3.3395e+06 


p1:
Element3
-1.5715e+07 0000 0000 
0000 -1.5715e+07 0000 
0000 0000 -1.5715e+07 


p1:
Element4
-2.0407e+07 0000 0000 
0000 -2.0407e+07 0000 
0000 0000 -2.0407e+07 


p1:
Element1
7.2185e+06 0000 0000 
0000 7.2185e+06 0000 
0000 0000 7.2185e+06 


p1:
Element2
1.9036e+06 0000 0000 
0000 1.9036e+06 0000 
0000 0000 1.9036e+06 


p1:
Element3
1.1044e+07 0000 0000 
0000 1.1044e+07 0000 
0000 0000 1.1044e+07 


p1:
Element4
1.9267e+07 0000 0000 
0000 1.9267e+07 0000 
0000 0000 1.9267e+07 

