2.72331e-05 2.46976e+02  4.27543e-09 0.00000e+00 
5.44663e-05 3.33726e+03  -2.64079e+03 0.00000e+00 
8.16994e-05 1.42636e+04  -1.30130e+04 0.00000e+00 
1.08932e-04 3.87921e+04  -3.69998e+04 0.00000e+00 
1.36165e-04 8.19080e+04  -7.96725e+04 0.00000e+00 
1.63397e-04 1.46736e+05  -1.44192e+05 0.00000e+00 
1.90629e-04 2.34240e+05  -2.31504e+05 0.00000e+00 
2.17859e-04 3.43743e+05  -3.40870e+05 0.00000e+00 
2.45089e-04 4.74092e+05  -4.71055e+05 0.00000e+00 
2.72316e-04 6.25109e+05  -6.21802e+05 0.00000e+00 
2.99543e-04 7.98947e+05  -7.95211e+05 0.00000e+00 
3.26768e-04 1.00100e+06  -9.96658e+05 0.00000e+00 
3.53991e-04 1.24020e+06  -1.23509e+06 0.00000e+00 
3.81212e-04 1.52867e+06  -1.52266e+06 0.00000e+00 
4.08432e-04 1.88091e+06  -1.87395e+06 0.00000e+00 
4.35651e-04 2.31288e+06  -2.30492e+06 0.00000e+00 
4.62868e-04 2.84103e+06  -2.83206e+06 0.00000e+00 
4.90084e-04 3.48183e+06  -3.47182e+06 0.00000e+00 
5.17300e-04 4.25153e+06  -4.24041e+06 0.00000e+00 
5.44514e-04 5.16643e+06  -5.15408e+06 0.00000e+00 
5.71728e-04 6.24323e+06  -6.22951e+06 0.00000e+00 
5.98941e-04 7.49949e+06  -7.48422e+06 0.00000e+00 
6.26155e-04 8.95375e+06  -8.93676e+06 0.00000e+00 
6.53368e-04 1.06254e+07  -1.06066e+07 0.00000e+00 
6.80580e-04 1.25342e+07  -1.25134e+07 0.00000e+00 
7.07792e-04 1.46997e+07  -1.46769e+07 0.00000e+00 
7.35004e-04 1.71401e+07  -1.71155e+07 0.00000e+00 
7.62216e-04 1.98725e+07  -1.98461e+07 0.00000e+00 
7.89426e-04 2.29118e+07  -2.28837e+07 0.00000e+00 
8.16636e-04 2.62718e+07  -2.62422e+07 0.00000e+00 
8.43845e-04 2.99656e+07  -2.99344e+07 0.00000e+00 
8.71053e-04 3.40065e+07  -3.39737e+07 0.00000e+00 
8.98260e-04 3.84096e+07  -3.83753e+07 0.00000e+00 
9.25465e-04 4.31926e+07  -4.31566e+07 0.00000e+00 
9.52669e-04 4.83769e+07  -4.83390e+07 0.00000e+00 
9.79872e-04 5.39875e+07  -5.39478e+07 0.00000e+00 
1.00707e-03 6.00538e+07  -6.00119e+07 0.00000e+00 
1.03427e-03 6.66083e+07  -6.65642e+07 0.00000e+00 
1.06147e-03 7.36868e+07  -7.36404e+07 0.00000e+00 
1.08867e-03 8.13270e+07  -8.12781e+07 0.00000e+00 
1.11587e-03 8.95682e+07  -8.95167e+07 0.00000e+00 
1.14306e-03 9.84501e+07  -9.83959e+07 0.00000e+00 
1.17026e-03 1.08013e+08  -1.07956e+08 0.00000e+00 
1.19745e-03 1.18296e+08  -1.18236e+08 0.00000e+00 
1.22465e-03 1.29337e+08  -1.29274e+08 0.00000e+00 
1.25184e-03 1.41175e+08  -1.41109e+08 0.00000e+00 
1.27903e-03 1.53844e+08  -1.53774e+08 0.00000e+00 
1.30622e-03 1.67378e+08  -1.67305e+08 0.00000e+00 
1.33341e-03 1.81808e+08  -1.81732e+08 0.00000e+00 
1.36061e-03 1.97163e+08  -1.97083e+08 0.00000e+00 
1.38780e-03 2.13469e+08  -2.13386e+08 0.00000e+00 
1.41499e-03 2.30752e+08  -2.30667e+08 0.00000e+00 
1.44217e-03 2.49038e+08  -2.48949e+08 0.00000e+00 
1.46936e-03 2.68351e+08  -2.68259e+08 0.00000e+00 
1.49655e-03 2.88718e+08  -2.88623e+08 0.00000e+00 
1.52374e-03 3.10170e+08  -3.10072e+08 0.00000e+00 
1.55092e-03 3.32741e+08  -3.32640e+08 0.00000e+00 
1.57810e-03 3.56470e+08  -3.56366e+08 0.00000e+00 
1.60529e-03 3.81400e+08  -3.81293e+08 0.00000e+00 
1.63247e-03 4.07580e+08  -4.07470e+08 0.00000e+00 
1.65965e-03 4.35064e+08  -4.34949e+08 0.00000e+00 
1.68683e-03 4.63906e+08  -4.63788e+08 0.00000e+00 
1.71400e-03 4.94168e+08  -4.94046e+08 0.00000e+00 
1.74118e-03 5.25909e+08  -5.25783e+08 0.00000e+00 
1.76836e-03 5.59190e+08  -5.59060e+08 0.00000e+00 
1.79553e-03 5.94072e+08  -5.93938e+08 0.00000e+00 
1.82271e-03 6.30614e+08  -6.30475e+08 0.00000e+00 
1.84988e-03 6.68872e+08  -6.68729e+08 0.00000e+00 
1.87705e-03 7.08900e+08  -7.08752e+08 0.00000e+00 
1.90423e-03 7.50747e+08  -7.50594e+08 0.00000e+00 
1.93140e-03 7.94460e+08  -7.94302e+08 0.00000e+00 
1.95857e-03 8.40081e+08  -8.39920e+08 0.00000e+00 
1.98574e-03 8.87653e+08  -8.87486e+08 0.00000e+00 
2.01291e-03 9.37212e+08  -9.37041e+08 0.00000e+00 
2.04008e-03 9.88796e+08  -9.88621e+08 0.00000e+00 
2.06725e-03 1.04244e+09  -1.04226e+09 0.00000e+00 
2.09441e-03 1.09819e+09  -1.09801e+09 0.00000e+00 
2.12158e-03 1.15609e+09  -1.15590e+09 0.00000e+00 
2.14875e-03 1.21617e+09  -1.21598e+09 0.00000e+00 
2.17591e-03 1.27850e+09  -1.27830e+09 0.00000e+00 
2.20307e-03 1.34313e+09  -1.34292e+09 0.00000e+00 
2.23023e-03 1.41011e+09  -1.40991e+09 0.00000e+00 
2.25740e-03 1.47953e+09  -1.47932e+09 0.00000e+00 
2.28456e-03 1.55144e+09  -1.55123e+09 0.00000e+00 
2.31171e-03 1.62593e+09  -1.62571e+09 0.00000e+00 
2.33887e-03 1.70308e+09  -1.70285e+09 0.00000e+00 
2.36603e-03 1.78296e+09  -1.78272e+09 0.00000e+00 
2.39319e-03 1.86565e+09  -1.86541e+09 0.00000e+00 
2.42034e-03 1.95123e+09  -1.95098e+09 0.00000e+00 
2.44750e-03 2.03977e+09  -2.03952e+09 0.00000e+00 
2.47465e-03 2.13136e+09  -2.13110e+09 0.00000e+00 
2.50180e-03 2.22605e+09  -2.22579e+09 0.00000e+00 
2.52895e-03 2.32391e+09  -2.32364e+09 0.00000e+00 
2.55611e-03 2.42500e+09  -2.42472e+09 0.00000e+00 
2.58326e-03 2.52937e+09  -2.52909e+09 0.00000e+00 
2.61041e-03 2.63709e+09  -2.63680e+09 0.00000e+00 
2.63756e-03 2.74819e+09  -2.74790e+09 0.00000e+00 
2.66470e-03 2.86274e+09  -2.86245e+09 0.00000e+00 
2.69185e-03 2.98079e+09  -2.98049e+09 0.00000e+00 
2.71900e-03 3.10239e+09  -3.10208e+09 0.00000e+00 
2.74614e-03 3.22760e+09  -3.22729e+09 0.00000e+00 
2.77329e-03 3.35648e+09  -3.35616e+09 0.00000e+00 
2.80043e-03 3.48911e+09  -3.48878e+09 0.00000e+00 
2.82758e-03 3.62555e+09  -3.62521e+09 0.00000e+00 
2.85472e-03 3.76588e+09  -3.76554e+09 0.00000e+00 
2.88186e-03 3.91019e+09  -3.90985e+09 0.00000e+00 
2.90900e-03 4.05858e+09  -4.05823e+09 0.00000e+00 
2.93614e-03 4.21112e+09  -4.21077e+09 0.00000e+00 
2.96328e-03 4.36793e+09  -4.36756e+09 0.00000e+00 
2.99041e-03 4.52908e+09  -4.52871e+09 0.00000e+00 
3.01755e-03 4.69468e+09  -4.69430e+09 0.00000e+00 
3.04468e-03 4.86482e+09  -4.86443e+09 0.00000e+00 
3.07182e-03 5.03958e+09  -5.03919e+09 0.00000e+00 
3.09895e-03 5.21906e+09  -5.21867e+09 0.00000e+00 
3.12609e-03 5.40334e+09  -5.40294e+09 0.00000e+00 
3.15322e-03 5.59250e+09  -5.59209e+09 0.00000e+00 
3.18035e-03 5.78660e+09  -5.78618e+09 0.00000e+00 
3.20748e-03 5.98572e+09  -5.98530e+09 0.00000e+00 
3.23461e-03 6.18994e+09  -6.18950e+09 0.00000e+00 
3.26174e-03 6.39930e+09  -6.39886e+09 0.00000e+00 
3.28887e-03 6.61390e+09  -6.61345e+09 0.00000e+00 
3.31599e-03 6.83378e+09  -6.83333e+09 0.00000e+00 
3.34312e-03 7.05904e+09  -7.05857e+09 0.00000e+00 
3.37025e-03 7.28973e+09  -7.28926e+09 0.00000e+00 
3.39737e-03 7.52594e+09  -7.52547e+09 0.00000e+00 
3.42449e-03 7.76776e+09  -7.76728e+09 0.00000e+00 
3.45162e-03 8.01528e+09  -8.01479e+09 0.00000e+00 
3.47874e-03 8.26859e+09  -8.26809e+09 0.00000e+00 
3.50586e-03 8.52780e+09  -8.52729e+09 0.00000e+00 
3.53298e-03 8.79300e+09  -8.79249e+09 0.00000e+00 
3.56010e-03 9.06431e+09  -9.06379e+09 0.00000e+00 
3.58722e-03 9.34184e+09  -9.34131e+09 0.00000e+00 
3.61433e-03 9.62569e+09  -9.62515e+09 0.00000e+00 
3.64145e-03 9.91597e+09  -9.91543e+09 0.00000e+00 
3.66857e-03 1.02128e+10  -1.02122e+10 0.00000e+00 
3.69568e-03 1.05163e+10  -1.05157e+10 0.00000e+00 
3.72279e-03 1.08265e+10  -1.08259e+10 0.00000e+00 
3.74991e-03 1.11435e+10  -1.11429e+10 0.00000e+00 
3.77702e-03 1.14675e+10  -1.14669e+10 0.00000e+00 
3.80413e-03 1.17985e+10  -1.17979e+10 0.00000e+00 
3.83124e-03 1.21366e+10  -1.21359e+10 0.00000e+00 
3.85835e-03 1.24818e+10  -1.24812e+10 0.00000e+00 
3.88546e-03 1.28344e+10  -1.28338e+10 0.00000e+00 
3.91257e-03 1.31943e+10  -1.31937e+10 0.00000e+00 
3.93967e-03 1.35617e+10  -1.35610e+10 0.00000e+00 
3.96678e-03 1.39366e+10  -1.39359e+10 0.00000e+00 
3.99389e-03 1.43191e+10  -1.43184e+10 0.00000e+00 
4.02099e-03 1.47093e+10  -1.47087e+10 0.00000e+00 
4.04809e-03 1.51074e+10  -1.51067e+10 0.00000e+00 
4.07520e-03 1.55134e+10  -1.55127e+10 0.00000e+00 
4.10230e-03 1.59274e+10  -1.59268e+10 0.00000e+00 
4.12940e-03 1.63496e+10  -1.63490e+10 0.00000e+00 
4.15650e-03 1.67801e+10  -1.67794e+10 0.00000e+00 
4.18360e-03 1.72190e+10  -1.72183e+10 0.00000e+00 
4.21070e-03 1.76664e+10  -1.76657e+10 0.00000e+00 
4.23779e-03 1.81225e+10  -1.81217e+10 0.00000e+00 
4.26489e-03 1.85873e+10  -1.85865e+10 0.00000e+00 
4.29198e-03 1.90610e+10  -1.90602e+10 0.00000e+00 
4.31908e-03 1.95437e+10  -1.95429e+10 0.00000e+00 
4.34617e-03 2.00355e+10  -2.00347e+10 0.00000e+00 
4.37327e-03 2.05365e+10  -2.05357e+10 0.00000e+00 
4.40036e-03 2.10468e+10  -2.10460e+10 0.00000e+00 
4.42745e-03 2.15666e+10  -2.15658e+10 0.00000e+00 
4.45454e-03 2.20959e+10  -2.20951e+10 0.00000e+00 
4.48163e-03 2.26349e+10  -2.26340e+10 0.00000e+00 
4.50872e-03 2.31835e+10  -2.31827e+10 0.00000e+00 
4.53581e-03 2.37421e+10  -2.37412e+10 0.00000e+00 
4.56289e-03 2.43105e+10  -2.43097e+10 0.00000e+00 
4.58998e-03 2.48890e+10  -2.48882e+10 0.00000e+00 
4.61707e-03 2.54777e+10  -2.54768e+10 0.00000e+00 
4.64415e-03 2.60766e+10  -2.60757e+10 0.00000e+00 
4.67123e-03 2.66859e+10  -2.66851e+10 0.00000e+00 
4.69832e-03 2.73058e+10  -2.73049e+10 0.00000e+00 
4.72540e-03 2.79362e+10  -2.79353e+10 0.00000e+00 
4.75248e-03 2.85775e+10  -2.85766e+10 0.00000e+00 
4.77956e-03 2.92296e+10  -2.92287e+10 0.00000e+00 
4.80664e-03 2.98928e+10  -2.98918e+10 0.00000e+00 
4.83372e-03 3.05671e+10  -3.05661e+10 0.00000e+00 
4.86079e-03 3.12527e+10  -3.12517e+10 0.00000e+00 
4.88787e-03 3.19498e+10  -3.19488e+10 0.00000e+00 
4.91494e-03 3.26584e+10  -3.26574e+10 0.00000e+00 
4.94202e-03 3.33787e+10  -3.33777e+10 0.00000e+00 
4.96909e-03 3.41108e+10  -3.41098e+10 0.00000e+00 
4.99617e-03 3.48549e+10  -3.48539e+10 0.00000e+00 
5.02324e-03 3.56110e+10  -3.56100e+10 0.00000e+00 
5.05031e-03 3.63793e+10  -3.63783e+10 0.00000e+00 
5.07738e-03 3.71599e+10  -3.71589e+10 0.00000e+00 
5.10445e-03 3.79529e+10  -3.79519e+10 0.00000e+00 
5.13152e-03 3.87585e+10  -3.87574e+10 0.00000e+00 
5.15859e-03 3.95767e+10  -3.95756e+10 0.00000e+00 
5.18565e-03 4.04076e+10  -4.04066e+10 0.00000e+00 
5.21272e-03 4.12515e+10  -4.12504e+10 0.00000e+00 
5.23979e-03 4.21084e+10  -4.21073e+10 0.00000e+00 
5.26685e-03 4.29784e+10  -4.29773e+10 0.00000e+00 
5.29391e-03 4.38618e+10  -4.38606e+10 0.00000e+00 
5.32098e-03 4.47585e+10  -4.47574e+10 0.00000e+00 
5.34804e-03 4.56688e+10  -4.56677e+10 0.00000e+00 
5.37510e-03 4.65928e+10  -4.65916e+10 0.00000e+00 
5.40216e-03 4.75307e+10  -4.75295e+10 0.00000e+00 
5.42922e-03 4.84825e+10  -4.84813e+10 0.00000e+00 
5.45628e-03 4.94485e+10  -4.94473e+10 0.00000e+00 
5.48333e-03 5.04288e+10  -5.04276e+10 0.00000e+00 
5.51039e-03 5.14235e+10  -5.14222e+10 0.00000e+00 
5.53745e-03 5.24327e+10  -5.24315e+10 0.00000e+00 
5.56450e-03 5.34567e+10  -5.34555e+10 0.00000e+00 
5.59156e-03 5.44955e+10  -5.44943e+10 0.00000e+00 
5.61861e-03 5.55494e+10  -5.55481e+10 0.00000e+00 
5.64566e-03 5.66183e+10  -5.66170e+10 0.00000e+00 
5.67271e-03 5.77025e+10  -5.77012e+10 0.00000e+00 
5.69976e-03 5.88021e+10  -5.88008e+10 0.00000e+00 
5.72681e-03 5.99172e+10  -5.99159e+10 0.00000e+00 
5.75386e-03 6.10480e+10  -6.10467e+10 0.00000e+00 
5.78091e-03 6.21946e+10  -6.21932e+10 0.00000e+00 
5.80796e-03 6.33571e+10  -6.33557e+10 0.00000e+00 
5.83500e-03 6.45356e+10  -6.45342e+10 0.00000e+00 
5.86205e-03 6.57304e+10  -6.57290e+10 0.00000e+00 
5.88909e-03 6.69415e+10  -6.69401e+10 0.00000e+00 
5.91614e-03 6.81692e+10  -6.81678e+10 0.00000e+00 
5.94318e-03 6.94135e+10  -6.94120e+10 0.00000e+00 
5.97022e-03 7.06746e+10  -7.06731e+10 0.00000e+00 
5.99726e-03 7.19526e+10  -7.19512e+10 0.00000e+00 
6.02430e-03 7.32478e+10  -7.32463e+10 0.00000e+00 
6.05134e-03 7.45603e+10  -7.45588e+10 0.00000e+00 
6.07838e-03 7.58901e+10  -7.58887e+10 0.00000e+00 
6.10542e-03 7.72376e+10  -7.72361e+10 0.00000e+00 
6.13246e-03 7.86028e+10  -7.86013e+10 0.00000e+00 
6.15949e-03 7.99860e+10  -7.99845e+10 0.00000e+00 
6.18653e-03 8.13872e+10  -8.13856e+10 0.00000e+00 
6.21356e-03 8.28066e+10  -8.28050e+10 0.00000e+00 
6.24059e-03 8.42443e+10  -8.42427e+10 0.00000e+00 
6.26763e-03 8.57006e+10  -8.56990e+10 0.00000e+00 
6.29466e-03 8.71755e+10  -8.71739e+10 0.00000e+00 
6.32169e-03 8.86692e+10  -8.86676e+10 0.00000e+00 
6.34872e-03 9.01819e+10  -9.01802e+10 0.00000e+00 
6.37575e-03 9.17136e+10  -9.17120e+10 0.00000e+00 
6.40278e-03 9.32647e+10  -9.32630e+10 0.00000e+00 
6.42980e-03 9.48351e+10  -9.48334e+10 0.00000e+00 
6.45683e-03 9.64251e+10  -9.64234e+10 0.00000e+00 
6.48386e-03 9.80348e+10  -9.80331e+10 0.00000e+00 
6.51088e-03 9.96644e+10  -9.96627e+10 0.00000e+00 
6.53790e-03 1.01314e+11  -1.01312e+11 0.00000e+00 
6.56493e-03 1.02984e+11  -1.02982e+11 0.00000e+00 
6.59195e-03 1.04674e+11  -1.04672e+11 0.00000e+00 
6.61897e-03 1.06385e+11  -1.06383e+11 0.00000e+00 
6.64599e-03 1.08116e+11  -1.08115e+11 0.00000e+00 
6.67301e-03 1.09869e+11  -1.09867e+11 0.00000e+00 
6.70003e-03 1.11642e+11  -1.11640e+11 0.00000e+00 
6.72705e-03 1.13437e+11  -1.13435e+11 0.00000e+00 
6.75407e-03 1.15252e+11  -1.15251e+11 0.00000e+00 
6.78108e-03 1.17090e+11  -1.17088e+11 0.00000e+00 
6.80810e-03 1.18949e+11  -1.18947e+11 0.00000e+00 
6.83511e-03 1.20830e+11  -1.20828e+11 0.00000e+00 
6.86213e-03 1.22733e+11  -1.22732e+11 0.00000e+00 
6.88914e-03 1.24659e+11  -1.24657e+11 0.00000e+00 
6.91615e-03 1.26606e+11  -1.26605e+11 0.00000e+00 
6.94316e-03 1.28577e+11  -1.28575e+11 0.00000e+00 
6.97017e-03 1.30570e+11  -1.30568e+11 0.00000e+00 
6.99718e-03 1.32585e+11  -1.32583e+11 0.00000e+00 
7.02419e-03 1.34624e+11  -1.34622e+11 0.00000e+00 
7.05120e-03 1.36686e+11  -1.36684e+11 0.00000e+00 
7.07820e-03 1.38772e+11  -1.38770e+11 0.00000e+00 
7.10521e-03 1.40880e+11  -1.40878e+11 0.00000e+00 
7.13221e-03 1.43013e+11  -1.43011e+11 0.00000e+00 
7.15922e-03 1.45170e+11  -1.45168e+11 0.00000e+00 
7.18622e-03 1.47350e+11  -1.47348e+11 0.00000e+00 
7.21323e-03 1.49555e+11  -1.49553e+11 0.00000e+00 
7.24023e-03 1.51784e+11  -1.51782e+11 0.00000e+00 
7.26723e-03 1.54038e+11  -1.54036e+11 0.00000e+00 
7.29423e-03 1.56317e+11  -1.56314e+11 0.00000e+00 
7.32123e-03 1.58620e+11  -1.58618e+11 0.00000e+00 
7.34822e-03 1.60949e+11  -1.60947e+11 0.00000e+00 
7.37522e-03 1.63303e+11  -1.63301e+11 0.00000e+00 
7.40222e-03 1.65682e+11  -1.65680e+11 0.00000e+00 
7.42921e-03 1.68087e+11  -1.68085e+11 0.00000e+00 
7.45621e-03 1.70518e+11  -1.70516e+11 0.00000e+00 
7.48320e-03 1.72975e+11  -1.72973e+11 0.00000e+00 
7.51020e-03 1.75459e+11  -1.75456e+11 0.00000e+00 
7.53719e-03 1.77968e+11  -1.77966e+11 0.00000e+00 
7.56418e-03 1.80505e+11  -1.80502e+11 0.00000e+00 
7.59117e-03 1.83068e+11  -1.83065e+11 0.00000e+00 
7.61816e-03 1.85657e+11  -1.85655e+11 0.00000e+00 
7.64515e-03 1.88274e+11  -1.88272e+11 0.00000e+00 
7.67214e-03 1.90919e+11  -1.90916e+11 0.00000e+00 
7.69912e-03 1.93590e+11  -1.93588e+11 0.00000e+00 
7.72611e-03 1.96290e+11  -1.96287e+11 0.00000e+00 
7.75310e-03 1.99017e+11  -1.99015e+11 0.00000e+00 
7.78008e-03 2.01772e+11  -2.01770e+11 0.00000e+00 
7.80706e-03 2.04556e+11  -2.04553e+11 0.00000e+00 
7.83405e-03 2.07367e+11  -2.07365e+11 0.00000e+00 
7.86103e-03 2.10208e+11  -2.10205e+11 0.00000e+00 
7.88801e-03 2.13077e+11  -2.13075e+11 0.00000e+00 
7.91499e-03 2.15975e+11  -2.15973e+11 0.00000e+00 
7.94197e-03 2.18903e+11  -2.18900e+11 0.00000e+00 
7.96895e-03 2.21859e+11  -2.21857e+11 0.00000e+00 
7.99593e-03 2.24846e+11  -2.24843e+11 0.00000e+00 
8.02290e-03 2.27862e+11  -2.27859e+11 0.00000e+00 
8.04988e-03 2.30908e+11  -2.30905e+11 0.00000e+00 
8.07686e-03 2.33984e+11  -2.33981e+11 0.00000e+00 
8.10383e-03 2.37090e+11  -2.37088e+11 0.00000e+00 
8.13080e-03 2.40227e+11  -2.40225e+11 0.00000e+00 
8.15778e-03 2.43395e+11  -2.43392e+11 0.00000e+00 
8.18475e-03 2.46594e+11  -2.46591e+11 0.00000e+00 
8.21172e-03 2.49823e+11  -2.49820e+11 0.00000e+00 
8.23869e-03 2.53084e+11  -2.53081e+11 0.00000e+00 
8.26566e-03 2.56376e+11  -2.56374e+11 0.00000e+00 
8.29263e-03 2.59700e+11  -2.59698e+11 0.00000e+00 
8.31959e-03 2.63056e+11  -2.63054e+11 0.00000e+00 
8.34656e-03 2.66444e+11  -2.66442e+11 0.00000e+00 
8.37353e-03 2.69865e+11  -2.69862e+11 0.00000e+00 
8.40049e-03 2.73317e+11  -2.73314e+11 0.00000e+00 
8.42746e-03 2.76803e+11  -2.76800e+11 0.00000e+00 
8.45442e-03 2.80321e+11  -2.80318e+11 0.00000e+00 
8.48138e-03 2.83872e+11  -2.83869e+11 0.00000e+00 
8.50834e-03 2.87457e+11  -2.87454e+11 0.00000e+00 
8.53530e-03 2.91075e+11  -2.91072e+11 0.00000e+00 
8.56226e-03 2.94726e+11  -2.94723e+11 0.00000e+00 
8.58922e-03 2.98412e+11  -2.98409e+11 0.00000e+00 
8.61618e-03 3.02131e+11  -3.02129e+11 0.00000e+00 
8.64314e-03 3.05885e+11  -3.05882e+11 0.00000e+00 
8.67010e-03 3.09674e+11  -3.09671e+11 0.00000e+00 
8.69705e-03 3.13497e+11  -3.13494e+11 0.00000e+00 
8.72401e-03 3.17355e+11  -3.17352e+11 0.00000e+00 
8.75096e-03 3.21248e+11  -3.21245e+11 0.00000e+00 
8.77791e-03 3.25177e+11  -3.25174e+11 0.00000e+00 
8.80487e-03 3.29140e+11  -3.29137e+11 0.00000e+00 
8.83182e-03 3.33140e+11  -3.33137e+11 0.00000e+00 
8.85877e-03 3.37176e+11  -3.37173e+11 0.00000e+00 
8.88572e-03 3.41247e+11  -3.41244e+11 0.00000e+00 
8.91267e-03 3.45355e+11  -3.45352e+11 0.00000e+00 
8.93961e-03 3.49500e+11  -3.49497e+11 0.00000e+00 
8.96656e-03 3.53681e+11  -3.53678e+11 0.00000e+00 
8.99351e-03 3.57900e+11  -3.57897e+11 0.00000e+00 
9.02045e-03 3.62155e+11  -3.62152e+11 0.00000e+00 
9.04740e-03 3.66448e+11  -3.66445e+11 0.00000e+00 
9.07434e-03 3.70779e+11  -3.70775e+11 0.00000e+00 
9.10129e-03 3.75147e+11  -3.75144e+11 0.00000e+00 
9.12823e-03 3.79553e+11  -3.79550e+11 0.00000e+00 
9.15517e-03 3.83998e+11  -3.83995e+11 0.00000e+00 
9.18211e-03 3.88481e+11  -3.88478e+11 0.00000e+00 
9.20905e-03 3.93003e+11  -3.92999e+11 0.00000e+00 
9.23599e-03 3.97563e+11  -3.97560e+11 0.00000e+00 
9.26293e-03 4.02163e+11  -4.02160e+11 0.00000e+00 
9.28986e-03 4.06802e+11  -4.06799e+11 0.00000e+00 
9.31680e-03 4.11481e+11  -4.11477e+11 0.00000e+00 
9.34373e-03 4.16199e+11  -4.16196e+11 0.00000e+00 
9.37067e-03 4.20958e+11  -4.20954e+11 0.00000e+00 
9.39760e-03 4.25756e+11  -4.25753e+11 0.00000e+00 
9.42454e-03 4.30595e+11  -4.30592e+11 0.00000e+00 
9.45147e-03 4.35475e+11  -4.35471e+11 0.00000e+00 
9.47840e-03 4.40395e+11  -4.40392e+11 0.00000e+00 
9.50533e-03 4.45357e+11  -4.45353e+11 0.00000e+00 
9.53226e-03 4.50360e+11  -4.50356e+11 0.00000e+00 
9.55919e-03 4.55404e+11  -4.55400e+11 0.00000e+00 
9.58612e-03 4.60490e+11  -4.60486e+11 0.00000e+00 
9.61304e-03 4.65618e+11  -4.65614e+11 0.00000e+00 
9.63997e-03 4.70788e+11  -4.70784e+11 0.00000e+00 
9.66689e-03 4.76001e+11  -4.75997e+11 0.00000e+00 
9.69382e-03 4.81256e+11  -4.81252e+11 0.00000e+00 
9.72074e-03 4.86554e+11  -4.86550e+11 0.00000e+00 
9.74766e-03 4.91895e+11  -4.91891e+11 0.00000e+00 
9.77459e-03 4.97280e+11  -4.97276e+11 0.00000e+00 
9.80151e-03 5.02707e+11  -5.02704e+11 0.00000e+00 
9.82843e-03 5.08179e+11  -5.08175e+11 0.00000e+00 
9.85535e-03 5.13695e+11  -5.13691e+11 0.00000e+00 
9.88227e-03 5.19255e+11  -5.19251e+11 0.00000e+00 
9.90918e-03 5.24859e+11  -5.24856e+11 0.00000e+00 
9.93610e-03 5.30508e+11  -5.30505e+11 0.00000e+00 
9.96302e-03 5.36202e+11  -5.36198e+11 0.00000e+00 
9.98993e-03 5.41941e+11  -5.41938e+11 0.00000e+00 
