2.72331e-05 4.06589e+03  1.06780e-08 0.00000e+00 
5.44663e-05 5.38973e+04  -4.29114e+04 0.00000e+00 
8.16994e-05 2.22100e+05  -2.03899e+05 0.00000e+00 
1.08931e-04 5.75159e+05  -5.51399e+05 0.00000e+00 
1.36161e-04 1.15044e+06  -1.12304e+06 0.00000e+00 
1.63386e-04 1.95805e+06  -1.92770e+06 0.00000e+00 
1.90606e-04 3.00499e+06  -2.97050e+06 0.00000e+00 
2.17818e-04 4.32742e+06  -4.28618e+06 0.00000e+00 
2.45022e-04 6.01474e+06  -5.96374e+06 0.00000e+00 
2.72218e-04 8.21518e+06  -8.15200e+06 0.00000e+00 
2.99406e-04 1.11242e+07  -1.10473e+07 0.00000e+00 
3.26586e-04 1.49658e+07  -1.48740e+07 0.00000e+00 
3.53761e-04 1.99771e+07  -1.98690e+07 0.00000e+00 
3.80931e-04 2.64033e+07  -2.62767e+07 0.00000e+00 
4.08098e-04 3.45012e+07  -3.43528e+07 0.00000e+00 
4.35262e-04 4.45429e+07  -4.43694e+07 0.00000e+00 
4.62425e-04 5.68136e+07  -5.66126e+07 0.00000e+00 
4.89587e-04 7.15991e+07  -7.13699e+07 0.00000e+00 
5.16747e-04 8.91679e+07  -8.89113e+07 0.00000e+00 
5.43905e-04 1.09757e+08  -1.09475e+08 0.00000e+00 
5.71060e-04 1.33568e+08  -1.33263e+08 0.00000e+00 
5.98211e-04 1.60788e+08  -1.60461e+08 0.00000e+00 
6.25356e-04 1.91612e+08  -1.91262e+08 0.00000e+00 
6.52496e-04 2.26277e+08  -2.25903e+08 0.00000e+00 
6.79629e-04 2.65090e+08  -2.64690e+08 0.00000e+00 
7.06754e-04 3.08439e+08  -3.08010e+08 0.00000e+00 
7.33874e-04 3.56791e+08  -3.56329e+08 0.00000e+00 
7.60987e-04 4.10672e+08  -4.10176e+08 0.00000e+00 
7.88094e-04 4.70651e+08  -4.70116e+08 0.00000e+00 
8.15197e-04 5.37311e+08  -5.36735e+08 0.00000e+00 
8.42297e-04 6.11233e+08  -6.10612e+08 0.00000e+00 
8.69393e-04 6.92973e+08  -6.92307e+08 0.00000e+00 
8.96487e-04 7.83050e+08  -7.82336e+08 0.00000e+00 
9.23579e-04 8.81929e+08  -8.81167e+08 0.00000e+00 
9.50668e-04 9.90019e+08  -9.89212e+08 0.00000e+00 
9.77754e-04 1.10768e+09  -1.10683e+09 0.00000e+00 
1.00484e-03 1.23524e+09  -1.23435e+09 0.00000e+00 
1.03192e-03 1.37304e+09  -1.37210e+09 0.00000e+00 
1.05899e-03 1.52143e+09  -1.52045e+09 0.00000e+00 
1.08606e-03 1.68086e+09  -1.67984e+09 0.00000e+00 
1.11312e-03 1.85187e+09  -1.85081e+09 0.00000e+00 
1.14018e-03 2.03511e+09  -2.03400e+09 0.00000e+00 
1.16723e-03 2.23132e+09  -2.23016e+09 0.00000e+00 
1.19427e-03 2.44132e+09  -2.44010e+09 0.00000e+00 
1.22131e-03 2.66597e+09  -2.66470e+09 0.00000e+00 
1.24835e-03 2.90615e+09  -2.90482e+09 0.00000e+00 
1.27538e-03 3.16270e+09  -3.16130e+09 0.00000e+00 
1.30241e-03 3.43640e+09  -3.43494e+09 0.00000e+00 
1.32943e-03 3.72796e+09  -3.72643e+09 0.00000e+00 
1.35646e-03 4.03799e+09  -4.03641e+09 0.00000e+00 
1.38348e-03 4.36706e+09  -4.36541e+09 0.00000e+00 
1.41049e-03 4.71564e+09  -4.71393e+09 0.00000e+00 
1.43750e-03 5.08421e+09  -5.08244e+09 0.00000e+00 
1.46451e-03 5.47326e+09  -5.47143e+09 0.00000e+00 
1.49152e-03 5.88334e+09  -5.88144e+09 0.00000e+00 
1.51851e-03 6.31509e+09  -6.31314e+09 0.00000e+00 
1.54551e-03 6.76930e+09  -6.76729e+09 0.00000e+00 
1.57250e-03 7.24685e+09  -7.24477e+09 0.00000e+00 
1.59948e-03 7.74873e+09  -7.74658e+09 0.00000e+00 
1.62646e-03 8.27601e+09  -8.27379e+09 0.00000e+00 
1.65343e-03 8.82980e+09  -8.82751e+09 0.00000e+00 
1.68040e-03 9.41119e+09  -9.40882e+09 0.00000e+00 
1.70736e-03 1.00212e+10  -1.00188e+10 0.00000e+00 
1.73432e-03 1.06609e+10  -1.06583e+10 0.00000e+00 
1.76128e-03 1.13310e+10  -1.13284e+10 0.00000e+00 
1.78824e-03 1.20323e+10  -1.20296e+10 0.00000e+00 
1.81519e-03 1.27656e+10  -1.27628e+10 0.00000e+00 
1.84213e-03 1.35315e+10  -1.35286e+10 0.00000e+00 
1.86908e-03 1.43305e+10  -1.43276e+10 0.00000e+00 
1.89602e-03 1.51635e+10  -1.51605e+10 0.00000e+00 
1.92295e-03 1.60310e+10  -1.60280e+10 0.00000e+00 
1.94988e-03 1.69341e+10  -1.69310e+10 0.00000e+00 
1.97680e-03 1.78737e+10  -1.78705e+10 0.00000e+00 
2.00372e-03 1.88509e+10  -1.88475e+10 0.00000e+00 
2.03064e-03 1.98668e+10  -1.98634e+10 0.00000e+00 
2.05755e-03 2.09228e+10  -2.09194e+10 0.00000e+00 
2.08446e-03 2.20202e+10  -2.20167e+10 0.00000e+00 
2.11136e-03 2.31602e+10  -2.31566e+10 0.00000e+00 
2.13826e-03 2.43441e+10  -2.43403e+10 0.00000e+00 
2.16515e-03 2.55728e+10  -2.55689e+10 0.00000e+00 
2.19204e-03 2.68475e+10  -2.68435e+10 0.00000e+00 
2.21893e-03 2.81689e+10  -2.81649e+10 0.00000e+00 
2.24581e-03 2.95381e+10  -2.95340e+10 0.00000e+00 
2.27269e-03 3.09558e+10  -3.09516e+10 0.00000e+00 
2.29957e-03 3.24228e+10  -3.24184e+10 0.00000e+00 
2.32644e-03 3.39399e+10  -3.39355e+10 0.00000e+00 
2.35330e-03 3.55082e+10  -3.55037e+10 0.00000e+00 
2.38017e-03 3.71288e+10  -3.71241e+10 0.00000e+00 
2.40702e-03 3.88027e+10  -3.87980e+10 0.00000e+00 
2.43388e-03 4.05313e+10  -4.05265e+10 0.00000e+00 
2.46073e-03 4.23161e+10  -4.23112e+10 0.00000e+00 
2.48757e-03 4.41583e+10  -4.41533e+10 0.00000e+00 
2.51441e-03 4.60595e+10  -4.60544e+10 0.00000e+00 
2.54125e-03 4.80210e+10  -4.80158e+10 0.00000e+00 
2.56808e-03 5.00441e+10  -5.00388e+10 0.00000e+00 
2.59491e-03 5.21301e+10  -5.21247e+10 0.00000e+00 
2.62173e-03 5.42801e+10  -5.42746e+10 0.00000e+00 
2.64855e-03 5.64952e+10  -5.64896e+10 0.00000e+00 
2.67537e-03 5.87763e+10  -5.87706e+10 0.00000e+00 
2.70218e-03 6.11245e+10  -6.11186e+10 0.00000e+00 
2.72899e-03 6.35407e+10  -6.35347e+10 0.00000e+00 
2.75579e-03 6.60261e+10  -6.60200e+10 0.00000e+00 
2.78259e-03 6.85817e+10  -6.85755e+10 0.00000e+00 
2.80939e-03 7.12090e+10  -7.12027e+10 0.00000e+00 
2.83618e-03 7.39091e+10  -7.39027e+10 0.00000e+00 
2.86297e-03 7.66837e+10  -7.66772e+10 0.00000e+00 
2.88975e-03 7.95343e+10  -7.95276e+10 0.00000e+00 
2.91653e-03 8.24623e+10  -8.24555e+10 0.00000e+00 
2.94330e-03 8.54693e+10  -8.54624e+10 0.00000e+00 
2.97007e-03 8.85568e+10  -8.85498e+10 0.00000e+00 
2.99684e-03 9.17262e+10  -9.17191e+10 0.00000e+00 
3.02360e-03 9.49788e+10  -9.49716e+10 0.00000e+00 
3.05036e-03 9.83160e+10  -9.83086e+10 0.00000e+00 
3.07711e-03 1.01739e+11  -1.01731e+11 0.00000e+00 
3.10386e-03 1.05249e+11  -1.05241e+11 0.00000e+00 
3.13061e-03 1.08846e+11  -1.08839e+11 0.00000e+00 
3.15735e-03 1.12533e+11  -1.12525e+11 0.00000e+00 
3.18409e-03 1.16311e+11  -1.16303e+11 0.00000e+00 
3.21082e-03 1.20180e+11  -1.20172e+11 0.00000e+00 
3.23755e-03 1.24143e+11  -1.24135e+11 0.00000e+00 
3.26428e-03 1.28200e+11  -1.28192e+11 0.00000e+00 
3.29100e-03 1.32354e+11  -1.32346e+11 0.00000e+00 
3.31772e-03 1.36606e+11  -1.36598e+11 0.00000e+00 
3.34443e-03 1.40958e+11  -1.40949e+11 0.00000e+00 
3.37114e-03 1.45411e+11  -1.45402e+11 0.00000e+00 
3.39785e-03 1.49967e+11  -1.49958e+11 0.00000e+00 
3.42455e-03 1.54628e+11  -1.54619e+11 0.00000e+00 
3.45125e-03 1.59394e+11  -1.59385e+11 0.00000e+00 
3.47794e-03 1.64268e+11  -1.64258e+11 0.00000e+00 
3.50463e-03 1.69250e+11  -1.69240e+11 0.00000e+00 
3.53131e-03 1.74342e+11  -1.74332e+11 0.00000e+00 
3.55800e-03 1.79545e+11  -1.79535e+11 0.00000e+00 
3.58467e-03 1.84861e+11  -1.84851e+11 0.00000e+00 
3.61135e-03 1.90291e+11  -1.90281e+11 0.00000e+00 
3.63802e-03 1.95837e+11  -1.95827e+11 0.00000e+00 
3.66468e-03 2.01500e+11  -2.01490e+11 0.00000e+00 
3.69134e-03 2.07282e+11  -2.07271e+11 0.00000e+00 
3.71800e-03 2.13184e+11  -2.13174e+11 0.00000e+00 
3.74465e-03 2.19209e+11  -2.19198e+11 0.00000e+00 
3.77130e-03 2.25358e+11  -2.25347e+11 0.00000e+00 
3.79794e-03 2.31632e+11  -2.31621e+11 0.00000e+00 
3.82459e-03 2.38034e+11  -2.38023e+11 0.00000e+00 
3.85122e-03 2.44565e+11  -2.44554e+11 0.00000e+00 
3.87786e-03 2.51227e+11  -2.51216e+11 0.00000e+00 
3.90448e-03 2.58021e+11  -2.58009e+11 0.00000e+00 
3.93111e-03 2.64948e+11  -2.64936e+11 0.00000e+00 
3.95773e-03 2.72010e+11  -2.71998e+11 0.00000e+00 
3.98435e-03 2.79208e+11  -2.79196e+11 0.00000e+00 
4.01096e-03 2.86545e+11  -2.86533e+11 0.00000e+00 
4.03757e-03 2.94021e+11  -2.94009e+11 0.00000e+00 
4.06418e-03 3.01639e+11  -3.01627e+11 0.00000e+00 
4.09078e-03 3.09400e+11  -3.09387e+11 0.00000e+00 
4.11737e-03 3.17306e+11  -3.17293e+11 0.00000e+00 
4.14397e-03 3.25358e+11  -3.25346e+11 0.00000e+00 
4.17056e-03 3.33559e+11  -3.33546e+11 0.00000e+00 
4.19714e-03 3.41911e+11  -3.41898e+11 0.00000e+00 
4.22372e-03 3.50414e+11  -3.50401e+11 0.00000e+00 
4.25030e-03 3.59071e+11  -3.59058e+11 0.00000e+00 
4.27687e-03 3.67884e+11  -3.67870e+11 0.00000e+00 
4.30344e-03 3.76854e+11  -3.76840e+11 0.00000e+00 
4.33001e-03 3.85982e+11  -3.85968e+11 0.00000e+00 
4.35657e-03 3.95271e+11  -3.95257e+11 0.00000e+00 
4.38313e-03 4.04722e+11  -4.04707e+11 0.00000e+00 
4.40968e-03 4.14336e+11  -4.14322e+11 0.00000e+00 
4.43623e-03 4.24116e+11  -4.24101e+11 0.00000e+00 
4.46278e-03 4.34063e+11  -4.34048e+11 0.00000e+00 
4.48932e-03 4.44179e+11  -4.44164e+11 0.00000e+00 
4.51586e-03 4.54465e+11  -4.54450e+11 0.00000e+00 
4.54239e-03 4.64925e+11  -4.64910e+11 0.00000e+00 
4.56892e-03 4.75559e+11  -4.75543e+11 0.00000e+00 
4.59545e-03 4.86369e+11  -4.86353e+11 0.00000e+00 
4.62197e-03 4.97358e+11  -4.97342e+11 0.00000e+00 
4.64849e-03 5.08526e+11  -5.08510e+11 0.00000e+00 
4.67500e-03 5.19877e+11  -5.19861e+11 0.00000e+00 
4.70151e-03 5.31411e+11  -5.31395e+11 0.00000e+00 
4.72802e-03 5.43131e+11  -5.43114e+11 0.00000e+00 
4.75452e-03 5.55037e+11  -5.55021e+11 0.00000e+00 
4.78102e-03 5.67133e+11  -5.67116e+11 0.00000e+00 
4.80752e-03 5.79419e+11  -5.79403e+11 0.00000e+00 
4.83401e-03 5.91898e+11  -5.91881e+11 0.00000e+00 
4.86050e-03 6.04572e+11  -6.04554e+11 0.00000e+00 
4.88698e-03 6.17441e+11  -6.17424e+11 0.00000e+00 
4.91346e-03 6.30509e+11  -6.30491e+11 0.00000e+00 
4.93993e-03 6.43776e+11  -6.43758e+11 0.00000e+00 
4.96641e-03 6.57246e+11  -6.57228e+11 0.00000e+00 
4.99287e-03 6.70919e+11  -6.70901e+11 0.00000e+00 
5.01934e-03 6.84799e+11  -6.84781e+11 0.00000e+00 
5.04580e-03 6.98886e+11  -6.98868e+11 0.00000e+00 
5.07225e-03 7.13183e+11  -7.13165e+11 0.00000e+00 
5.09871e-03 7.27692e+11  -7.27673e+11 0.00000e+00 
5.12515e-03 7.42414e+11  -7.42395e+11 0.00000e+00 
5.15160e-03 7.57352e+11  -7.57333e+11 0.00000e+00 
5.17804e-03 7.72506e+11  -7.72487e+11 0.00000e+00 
5.20448e-03 7.87880e+11  -7.87861e+11 0.00000e+00 
5.23091e-03 8.03475e+11  -8.03455e+11 0.00000e+00 
5.25734e-03 8.19292e+11  -8.19272e+11 0.00000e+00 
5.28376e-03 8.35334e+11  -8.35314e+11 0.00000e+00 
5.31019e-03 8.51603e+11  -8.51583e+11 0.00000e+00 
5.33660e-03 8.68101e+11  -8.68081e+11 0.00000e+00 
5.36302e-03 8.84830e+11  -8.84810e+11 0.00000e+00 
5.38943e-03 9.01792e+11  -9.01771e+11 0.00000e+00 
5.41583e-03 9.18988e+11  -9.18967e+11 0.00000e+00 
5.44224e-03 9.36421e+11  -9.36400e+11 0.00000e+00 
5.46863e-03 9.54094e+11  -9.54072e+11 0.00000e+00 
5.49503e-03 9.72006e+11  -9.71985e+11 0.00000e+00 
5.52142e-03 9.90162e+11  -9.90141e+11 0.00000e+00 
5.54781e-03 1.00856e+12  -1.00854e+12 0.00000e+00 
5.57419e-03 1.02721e+12  -1.02719e+12 0.00000e+00 
5.60057e-03 1.04611e+12  -1.04608e+12 0.00000e+00 
5.62695e-03 1.06525e+12  -1.06523e+12 0.00000e+00 
5.65332e-03 1.08465e+12  -1.08463e+12 0.00000e+00 
5.67968e-03 1.10430e+12  -1.10428e+12 0.00000e+00 
5.70605e-03 1.12421e+12  -1.12419e+12 0.00000e+00 
5.73241e-03 1.14438e+12  -1.14436e+12 0.00000e+00 
5.75877e-03 1.16481e+12  -1.16479e+12 0.00000e+00 
5.78512e-03 1.18551e+12  -1.18548e+12 0.00000e+00 
5.81147e-03 1.20646e+12  -1.20644e+12 0.00000e+00 
5.83781e-03 1.22769e+12  -1.22766e+12 0.00000e+00 
5.86415e-03 1.24918e+12  -1.24916e+12 0.00000e+00 
5.89049e-03 1.27095e+12  -1.27092e+12 0.00000e+00 
5.91683e-03 1.29298e+12  -1.29296e+12 0.00000e+00 
5.94316e-03 1.31530e+12  -1.31527e+12 0.00000e+00 
5.96948e-03 1.33789e+12  -1.33786e+12 0.00000e+00 
5.99581e-03 1.36076e+12  -1.36073e+12 0.00000e+00 
6.02212e-03 1.38391e+12  -1.38389e+12 0.00000e+00 
6.04844e-03 1.40735e+12  -1.40732e+12 0.00000e+00 
6.07475e-03 1.43107e+12  -1.43104e+12 0.00000e+00 
6.10106e-03 1.45507e+12  -1.45505e+12 0.00000e+00 
6.12736e-03 1.47937e+12  -1.47935e+12 0.00000e+00 
6.15366e-03 1.50396e+12  -1.50394e+12 0.00000e+00 
6.17996e-03 1.52885e+12  -1.52882e+12 0.00000e+00 
6.20625e-03 1.55403e+12  -1.55400e+12 0.00000e+00 
6.23254e-03 1.57950e+12  -1.57948e+12 0.00000e+00 
6.25882e-03 1.60528e+12  -1.60526e+12 0.00000e+00 
6.28511e-03 1.63137e+12  -1.63134e+12 0.00000e+00 
6.31138e-03 1.65775e+12  -1.65772e+12 0.00000e+00 
6.33766e-03 1.68444e+12  -1.68442e+12 0.00000e+00 
6.36393e-03 1.71145e+12  -1.71142e+12 0.00000e+00 
6.39019e-03 1.73876e+12  -1.73873e+12 0.00000e+00 
6.41646e-03 1.76639e+12  -1.76636e+12 0.00000e+00 
6.44272e-03 1.79433e+12  -1.79430e+12 0.00000e+00 
6.46897e-03 1.82259e+12  -1.82256e+12 0.00000e+00 
6.49522e-03 1.85116e+12  -1.85114e+12 0.00000e+00 
6.52147e-03 1.88007e+12  -1.88004e+12 0.00000e+00 
6.54771e-03 1.90929e+12  -1.90926e+12 0.00000e+00 
6.57395e-03 1.93884e+12  -1.93881e+12 0.00000e+00 
6.60019e-03 1.96872e+12  -1.96869e+12 0.00000e+00 
6.62642e-03 1.99893e+12  -1.99890e+12 0.00000e+00 
6.65265e-03 2.02947e+12  -2.02944e+12 0.00000e+00 
6.67888e-03 2.06035e+12  -2.06032e+12 0.00000e+00 
6.70510e-03 2.09156e+12  -2.09153e+12 0.00000e+00 
6.73132e-03 2.12312e+12  -2.12309e+12 0.00000e+00 
6.75753e-03 2.15501e+12  -2.15498e+12 0.00000e+00 
6.78374e-03 2.18725e+12  -2.18722e+12 0.00000e+00 
6.80995e-03 2.21984e+12  -2.21981e+12 0.00000e+00 
6.83615e-03 2.25277e+12  -2.25274e+12 0.00000e+00 
6.86235e-03 2.28606e+12  -2.28602e+12 0.00000e+00 
6.88855e-03 2.31969e+12  -2.31966e+12 0.00000e+00 
6.91474e-03 2.35368e+12  -2.35365e+12 0.00000e+00 
6.94093e-03 2.38803e+12  -2.38800e+12 0.00000e+00 
6.96712e-03 2.42274e+12  -2.42271e+12 0.00000e+00 
6.99330e-03 2.45781e+12  -2.45777e+12 0.00000e+00 
7.01948e-03 2.49324e+12  -2.49321e+12 0.00000e+00 
7.04565e-03 2.52904e+12  -2.52901e+12 0.00000e+00 
7.07182e-03 2.56521e+12  -2.56517e+12 0.00000e+00 
7.09799e-03 2.60174e+12  -2.60171e+12 0.00000e+00 
7.12415e-03 2.63865e+12  -2.63862e+12 0.00000e+00 
7.15031e-03 2.67594e+12  -2.67590e+12 0.00000e+00 
7.17646e-03 2.71360e+12  -2.71357e+12 0.00000e+00 
7.20262e-03 2.75164e+12  -2.75161e+12 0.00000e+00 
7.22877e-03 2.79007e+12  -2.79003e+12 0.00000e+00 
7.25491e-03 2.82887e+12  -2.82884e+12 0.00000e+00 
7.28105e-03 2.86807e+12  -2.86803e+12 0.00000e+00 
7.30719e-03 2.90765e+12  -2.90761e+12 0.00000e+00 
7.33332e-03 2.94762e+12  -2.94759e+12 0.00000e+00 
7.35945e-03 2.98799e+12  -2.98795e+12 0.00000e+00 
7.38558e-03 3.02875e+12  -3.02872e+12 0.00000e+00 
7.41170e-03 3.06991e+12  -3.06987e+12 0.00000e+00 
7.43782e-03 3.11147e+12  -3.11143e+12 0.00000e+00 
7.46394e-03 3.15343e+12  -3.15340e+12 0.00000e+00 
7.49005e-03 3.19580e+12  -3.19576e+12 0.00000e+00 
7.51616e-03 3.23857e+12  -3.23854e+12 0.00000e+00 
7.54226e-03 3.28176e+12  -3.28172e+12 0.00000e+00 
7.56837e-03 3.32535e+12  -3.32531e+12 0.00000e+00 
7.59446e-03 3.36936e+12  -3.36932e+12 0.00000e+00 
7.62056e-03 3.41378e+12  -3.41374e+12 0.00000e+00 
7.64665e-03 3.45862e+12  -3.45859e+12 0.00000e+00 
7.67273e-03 3.50389e+12  -3.50385e+12 0.00000e+00 
7.69882e-03 3.54957e+12  -3.54954e+12 0.00000e+00 
7.72490e-03 3.59569e+12  -3.59565e+12 0.00000e+00 
7.75097e-03 3.64223e+12  -3.64219e+12 0.00000e+00 
7.77705e-03 3.68920e+12  -3.68916e+12 0.00000e+00 
7.80312e-03 3.73660e+12  -3.73656e+12 0.00000e+00 
7.82918e-03 3.78443e+12  -3.78440e+12 0.00000e+00 
7.85524e-03 3.83271e+12  -3.83267e+12 0.00000e+00 
7.88130e-03 3.88142e+12  -3.88138e+12 0.00000e+00 
7.90736e-03 3.93058e+12  -3.93054e+12 0.00000e+00 
7.93341e-03 3.98018e+12  -3.98014e+12 0.00000e+00 
7.95945e-03 4.03022e+12  -4.03018e+12 0.00000e+00 
7.98550e-03 4.08072e+12  -4.08068e+12 0.00000e+00 
8.01154e-03 4.13167e+12  -4.13162e+12 0.00000e+00 
8.03757e-03 4.18307e+12  -4.18302e+12 0.00000e+00 
8.06361e-03 4.23492e+12  -4.23488e+12 0.00000e+00 
8.08964e-03 4.28723e+12  -4.28719e+12 0.00000e+00 
8.11566e-03 4.34001e+12  -4.33997e+12 0.00000e+00 
8.14169e-03 4.39325e+12  -4.39321e+12 0.00000e+00 
8.16771e-03 4.44695e+12  -4.44691e+12 0.00000e+00 
8.19372e-03 4.50112e+12  -4.50108e+12 0.00000e+00 
8.21973e-03 4.55576e+12  -4.55572e+12 0.00000e+00 
8.24574e-03 4.61088e+12  -4.61083e+12 0.00000e+00 
8.27175e-03 4.66647e+12  -4.66642e+12 0.00000e+00 
8.29775e-03 4.72253e+12  -4.72249e+12 0.00000e+00 
8.32375e-03 4.77908e+12  -4.77903e+12 0.00000e+00 
8.34974e-03 4.83611e+12  -4.83606e+12 0.00000e+00 
8.37573e-03 4.89362e+12  -4.89357e+12 0.00000e+00 
8.40172e-03 4.95162e+12  -4.95157e+12 0.00000e+00 
8.42770e-03 5.01011e+12  -5.01006e+12 0.00000e+00 
8.45368e-03 5.06909e+12  -5.06904e+12 0.00000e+00 
8.47966e-03 5.12856e+12  -5.12852e+12 0.00000e+00 
8.50563e-03 5.18853e+12  -5.18849e+12 0.00000e+00 
8.53160e-03 5.24900e+12  -5.24896e+12 0.00000e+00 
8.55757e-03 5.30997e+12  -5.30993e+12 0.00000e+00 
8.58353e-03 5.37145e+12  -5.37140e+12 0.00000e+00 
8.60949e-03 5.43343e+12  -5.43338e+12 0.00000e+00 
8.63544e-03 5.49592e+12  -5.49587e+12 0.00000e+00 
8.66140e-03 5.55892e+12  -5.55888e+12 0.00000e+00 
8.68734e-03 5.62244e+12  -5.62239e+12 0.00000e+00 
8.71329e-03 5.68647e+12  -5.68642e+12 0.00000e+00 
8.73923e-03 5.75102e+12  -5.75097e+12 0.00000e+00 
8.76517e-03 5.81609e+12  -5.81604e+12 0.00000e+00 
8.79110e-03 5.88168e+12  -5.88163e+12 0.00000e+00 
8.81703e-03 5.94780e+12  -5.94775e+12 0.00000e+00 
8.84296e-03 6.01444e+12  -6.01440e+12 0.00000e+00 
8.86889e-03 6.08162e+12  -6.08157e+12 0.00000e+00 
8.89481e-03 6.14933e+12  -6.14928e+12 0.00000e+00 
8.92072e-03 6.21758e+12  -6.21753e+12 0.00000e+00 
8.94664e-03 6.28636e+12  -6.28631e+12 0.00000e+00 
8.97255e-03 6.35568e+12  -6.35563e+12 0.00000e+00 
8.99845e-03 6.42555e+12  -6.42550e+12 0.00000e+00 
9.02436e-03 6.49596e+12  -6.49591e+12 0.00000e+00 
9.05026e-03 6.56692e+12  -6.56687e+12 0.00000e+00 
9.07615e-03 6.63843e+12  -6.63838e+12 0.00000e+00 
9.10205e-03 6.71049e+12  -6.71044e+12 0.00000e+00 
9.12794e-03 6.78311e+12  -6.78306e+12 0.00000e+00 
9.15382e-03 6.85628e+12  -6.85623e+12 0.00000e+00 
9.17970e-03 6.93002e+12  -6.92996e+12 0.00000e+00 
9.20558e-03 7.00431e+12  -7.00426e+12 0.00000e+00 
9.23146e-03 7.07917e+12  -7.07912e+12 0.00000e+00 
9.25733e-03 7.15460e+12  -7.15455e+12 0.00000e+00 
9.28320e-03 7.23060e+12  -7.23055e+12 0.00000e+00 
9.30906e-03 7.30717e+12  -7.30712e+12 0.00000e+00 
9.33493e-03 7.38432e+12  -7.38427e+12 0.00000e+00 
9.36078e-03 7.46204e+12  -7.46199e+12 0.00000e+00 
9.38664e-03 7.54035e+12  -7.54029e+12 0.00000e+00 
9.41249e-03 7.61923e+12  -7.61918e+12 0.00000e+00 
9.43834e-03 7.69870e+12  -7.69865e+12 0.00000e+00 
9.46418e-03 7.77876e+12  -7.77871e+12 0.00000e+00 
9.49002e-03 7.85941e+12  -7.85935e+12 0.00000e+00 
9.51586e-03 7.94065e+12  -7.94059e+12 0.00000e+00 
9.54170e-03 8.02248e+12  -8.02242e+12 0.00000e+00 
9.56753e-03 8.10491e+12  -8.10486e+12 0.00000e+00 
9.59336e-03 8.18794e+12  -8.18789e+12 0.00000e+00 
9.61918e-03 8.27157e+12  -8.27152e+12 0.00000e+00 
9.64500e-03 8.35581e+12  -8.35576e+12 0.00000e+00 
9.67082e-03 8.44066e+12  -8.44060e+12 0.00000e+00 
9.69663e-03 8.52611e+12  -8.52606e+12 0.00000e+00 
9.72244e-03 8.61218e+12  -8.61212e+12 0.00000e+00 
9.74825e-03 8.69886e+12  -8.69880e+12 0.00000e+00 
9.77405e-03 8.78616e+12  -8.78610e+12 0.00000e+00 
9.79985e-03 8.87408e+12  -8.87402e+12 0.00000e+00 
9.82565e-03 8.96262e+12  -8.96256e+12 0.00000e+00 
9.85144e-03 9.05178e+12  -9.05173e+12 0.00000e+00 
9.87723e-03 9.14158e+12  -9.14152e+12 0.00000e+00 
9.90302e-03 9.23200e+12  -9.23194e+12 0.00000e+00 
9.92880e-03 9.32305e+12  -9.32299e+12 0.00000e+00 
9.95458e-03 9.41474e+12  -9.41468e+12 0.00000e+00 
9.98036e-03 9.50707e+12  -9.50701e+12 0.00000e+00 
