2.72331e-05 3.34528e+02  4.33227e-09 0.00000e+00 
5.44663e-05 4.93334e+03  -3.79767e+03 0.00000e+00 
8.17023e-05 2.31238e+04  -2.08005e+04 0.00000e+00 
1.08941e-04 6.84969e+04  -6.47061e+04 0.00000e+00 
1.36183e-04 1.57460e+05  -1.52026e+05 0.00000e+00 
1.63428e-04 3.07869e+05  -3.00704e+05 0.00000e+00 
1.90676e-04 5.38023e+05  -5.29092e+05 0.00000e+00 
2.17927e-04 8.66163e+05  -8.55457e+05 0.00000e+00 
2.45181e-04 1.31057e+06  -1.29807e+06 0.00000e+00 
2.72438e-04 1.89017e+06  -1.87581e+06 0.00000e+00 
2.99698e-04 2.62554e+06  -2.60922e+06 0.00000e+00 
3.26961e-04 3.54019e+06  -3.52172e+06 0.00000e+00 
3.54226e-04 4.66178e+06  -4.64092e+06 0.00000e+00 
3.81495e-04 6.02340e+06  -5.99982e+06 0.00000e+00 
4.08767e-04 7.66455e+06  -7.63784e+06 0.00000e+00 
4.36042e-04 9.63192e+06  -9.60163e+06 0.00000e+00 
4.63319e-04 1.19799e+07  -1.19455e+07 0.00000e+00 
4.90600e-04 1.47708e+07  -1.47316e+07 0.00000e+00 
5.17883e-04 1.80744e+07  -1.80299e+07 0.00000e+00 
5.45170e-04 2.19678e+07  -2.19172e+07 0.00000e+00 
5.72460e-04 2.65339e+07  -2.64767e+07 0.00000e+00 
5.99752e-04 3.18602e+07  -3.17957e+07 0.00000e+00 
6.27048e-04 3.80369e+07  -3.79648e+07 0.00000e+00 
6.54346e-04 4.51547e+07  -4.50745e+07 0.00000e+00 
6.81647e-04 5.33026e+07  -5.32141e+07 0.00000e+00 
7.08952e-04 6.25658e+07  -6.24690e+07 0.00000e+00 
7.36259e-04 7.30243e+07  -7.29192e+07 0.00000e+00 
7.63570e-04 8.47519e+07  -8.46389e+07 0.00000e+00 
7.90883e-04 9.78166e+07  -9.76959e+07 0.00000e+00 
8.18199e-04 1.12282e+08  -1.12154e+08 0.00000e+00 
8.45519e-04 1.28208e+08  -1.28072e+08 0.00000e+00 
8.72841e-04 1.45655e+08  -1.45513e+08 0.00000e+00 
9.00166e-04 1.64690e+08  -1.64541e+08 0.00000e+00 
9.27494e-04 1.85383e+08  -1.85227e+08 0.00000e+00 
9.54825e-04 2.07819e+08  -2.07656e+08 0.00000e+00 
9.82160e-04 2.32095e+08  -2.31924e+08 0.00000e+00 
1.00950e-03 2.58324e+08  -2.58144e+08 0.00000e+00 
1.03684e-03 2.86636e+08  -2.86448e+08 0.00000e+00 
1.06418e-03 3.17180e+08  -3.16983e+08 0.00000e+00 
1.09153e-03 3.50118e+08  -3.49910e+08 0.00000e+00 
1.11888e-03 3.85626e+08  -3.85407e+08 0.00000e+00 
1.14623e-03 4.23890e+08  -4.23658e+08 0.00000e+00 
1.17358e-03 4.65100e+08  -4.64855e+08 0.00000e+00 
1.20094e-03 5.09450e+08  -5.09191e+08 0.00000e+00 
1.22830e-03 5.57129e+08  -5.56856e+08 0.00000e+00 
1.25566e-03 6.08317e+08  -6.08030e+08 0.00000e+00 
1.28303e-03 6.63186e+08  -6.62884e+08 0.00000e+00 
1.31040e-03 7.21891e+08  -7.21574e+08 0.00000e+00 
1.33777e-03 7.84574e+08  -7.84241e+08 0.00000e+00 
1.36515e-03 8.51358e+08  -8.51011e+08 0.00000e+00 
1.39253e-03 9.22357e+08  -9.21995e+08 0.00000e+00 
1.41991e-03 9.97670e+08  -9.97295e+08 0.00000e+00 
1.44730e-03 1.07740e+09  -1.07701e+09 0.00000e+00 
1.47468e-03 1.16163e+09  -1.16122e+09 0.00000e+00 
1.50207e-03 1.25047e+09  -1.25005e+09 0.00000e+00 
1.52947e-03 1.34403e+09  -1.34360e+09 0.00000e+00 
1.55687e-03 1.44245e+09  -1.44201e+09 0.00000e+00 
1.58426e-03 1.54587e+09  -1.54542e+09 0.00000e+00 
1.61167e-03 1.65449e+09  -1.65403e+09 0.00000e+00 
1.63907e-03 1.76852e+09  -1.76804e+09 0.00000e+00 
1.66648e-03 1.88818e+09  -1.88769e+09 0.00000e+00 
1.69389e-03 2.01374e+09  -2.01323e+09 0.00000e+00 
1.72131e-03 2.14549e+09  -2.14496e+09 0.00000e+00 
1.74873e-03 2.28370e+09  -2.28316e+09 0.00000e+00 
1.77615e-03 2.42870e+09  -2.42814e+09 0.00000e+00 
1.80357e-03 2.58078e+09  -2.58020e+09 0.00000e+00 
1.83100e-03 2.74024e+09  -2.73963e+09 0.00000e+00 
1.85843e-03 2.90735e+09  -2.90673e+09 0.00000e+00 
1.88586e-03 3.08239e+09  -3.08174e+09 0.00000e+00 
1.91329e-03 3.26558e+09  -3.26491e+09 0.00000e+00 
1.94073e-03 3.45714e+09  -3.45645e+09 0.00000e+00 
1.96817e-03 3.65726e+09  -3.65655e+09 0.00000e+00 
1.99562e-03 3.86609e+09  -3.86536e+09 0.00000e+00 
2.02307e-03 4.08380e+09  -4.08305e+09 0.00000e+00 
2.05052e-03 4.31051e+09  -4.30974e+09 0.00000e+00 
2.07797e-03 4.54635e+09  -4.54556e+09 0.00000e+00 
2.10543e-03 4.79147e+09  -4.79066e+09 0.00000e+00 
2.13289e-03 5.04602e+09  -5.04519e+09 0.00000e+00 
2.16035e-03 5.31018e+09  -5.30933e+09 0.00000e+00 
2.18781e-03 5.58414e+09  -5.58328e+09 0.00000e+00 
2.21528e-03 5.86816e+09  -5.86728e+09 0.00000e+00 
2.24275e-03 6.16251e+09  -6.16161e+09 0.00000e+00 
2.27023e-03 6.46750e+09  -6.46658e+09 0.00000e+00 
2.29771e-03 6.78349e+09  -6.78254e+09 0.00000e+00 
2.32519e-03 7.11084e+09  -7.10987e+09 0.00000e+00 
2.35267e-03 7.44996e+09  -7.44897e+09 0.00000e+00 
2.38016e-03 7.80125e+09  -7.80023e+09 0.00000e+00 
2.40765e-03 8.16512e+09  -8.16408e+09 0.00000e+00 
2.43514e-03 8.54197e+09  -8.54090e+09 0.00000e+00 
2.46263e-03 8.93219e+09  -8.93109e+09 0.00000e+00 
2.49013e-03 9.33613e+09  -9.33501e+09 0.00000e+00 
2.51763e-03 9.75413e+09  -9.75298e+09 0.00000e+00 
2.54514e-03 1.01865e+10  -1.01853e+10 0.00000e+00 
2.57265e-03 1.06334e+10  -1.06322e+10 0.00000e+00 
2.60016e-03 1.10952e+10  -1.10940e+10 0.00000e+00 
2.62767e-03 1.15721e+10  -1.15708e+10 0.00000e+00 
2.65519e-03 1.20641e+10  -1.20629e+10 0.00000e+00 
2.68270e-03 1.25716e+10  -1.25703e+10 0.00000e+00 
2.71023e-03 1.30947e+10  -1.30934e+10 0.00000e+00 
2.73775e-03 1.36336e+10  -1.36323e+10 0.00000e+00 
2.76528e-03 1.41885e+10  -1.41871e+10 0.00000e+00 
2.79281e-03 1.47597e+10  -1.47583e+10 0.00000e+00 
2.82035e-03 1.53475e+10  -1.53460e+10 0.00000e+00 
2.84788e-03 1.59521e+10  -1.59507e+10 0.00000e+00 
2.87542e-03 1.65741e+10  -1.65726e+10 0.00000e+00 
2.90297e-03 1.72137e+10  -1.72122e+10 0.00000e+00 
2.93051e-03 1.78716e+10  -1.78700e+10 0.00000e+00 
2.95806e-03 1.85480e+10  -1.85465e+10 0.00000e+00 
2.98562e-03 1.92437e+10  -1.92421e+10 0.00000e+00 
3.01317e-03 1.99590e+10  -1.99573e+10 0.00000e+00 
3.04073e-03 2.06944e+10  -2.06928e+10 0.00000e+00 
3.06829e-03 2.14505e+10  -2.14488e+10 0.00000e+00 
3.09586e-03 2.22278e+10  -2.22260e+10 0.00000e+00 
3.12342e-03 2.30265e+10  -2.30247e+10 0.00000e+00 
3.15099e-03 2.38471e+10  -2.38453e+10 0.00000e+00 
3.17857e-03 2.46900e+10  -2.46882e+10 0.00000e+00 
3.20614e-03 2.55555e+10  -2.55536e+10 0.00000e+00 
3.23372e-03 2.64438e+10  -2.64419e+10 0.00000e+00 
3.26130e-03 2.73551e+10  -2.73532e+10 0.00000e+00 
3.28889e-03 2.82899e+10  -2.82879e+10 0.00000e+00 
3.31648e-03 2.92481e+10  -2.92461e+10 0.00000e+00 
3.34407e-03 3.02303e+10  -3.02282e+10 0.00000e+00 
3.37166e-03 3.12365e+10  -3.12344e+10 0.00000e+00 
3.39926e-03 3.22671e+10  -3.22650e+10 0.00000e+00 
3.42686e-03 3.33225e+10  -3.33204e+10 0.00000e+00 
3.45447e-03 3.44030e+10  -3.44009e+10 0.00000e+00 
3.48207e-03 3.55091e+10  -3.55070e+10 0.00000e+00 
3.50968e-03 3.66414e+10  -3.66392e+10 0.00000e+00 
3.53729e-03 3.78002e+10  -3.77980e+10 0.00000e+00 
3.56491e-03 3.89862e+10  -3.89840e+10 0.00000e+00 
3.59253e-03 4.02000e+10  -4.01977e+10 0.00000e+00 
3.62015e-03 4.14422e+10  -4.14398e+10 0.00000e+00 
3.64777e-03 4.27133e+10  -4.27109e+10 0.00000e+00 
3.67540e-03 4.40139e+10  -4.40114e+10 0.00000e+00 
3.70303e-03 4.53445e+10  -4.53421e+10 0.00000e+00 
3.73066e-03 4.67058e+10  -4.67033e+10 0.00000e+00 
3.75830e-03 4.80981e+10  -4.80956e+10 0.00000e+00 
3.78594e-03 4.95219e+10  -4.95193e+10 0.00000e+00 
3.81358e-03 5.09776e+10  -5.09750e+10 0.00000e+00 
3.84123e-03 5.24655e+10  -5.24629e+10 0.00000e+00 
3.86888e-03 5.39860e+10  -5.39833e+10 0.00000e+00 
3.89653e-03 5.55394e+10  -5.55367e+10 0.00000e+00 
3.92418e-03 5.71260e+10  -5.71232e+10 0.00000e+00 
3.95184e-03 5.87461e+10  -5.87432e+10 0.00000e+00 
3.97950e-03 6.04000e+10  -6.03971e+10 0.00000e+00 
4.00717e-03 6.20881e+10  -6.20852e+10 0.00000e+00 
4.03483e-03 6.38109e+10  -6.38079e+10 0.00000e+00 
4.06250e-03 6.55687e+10  -6.55657e+10 0.00000e+00 
4.09017e-03 6.73621e+10  -6.73591e+10 0.00000e+00 
4.11785e-03 6.91917e+10  -6.91887e+10 0.00000e+00 
4.14553e-03 7.10580e+10  -7.10549e+10 0.00000e+00 
4.17321e-03 7.29617e+10  -7.29586e+10 0.00000e+00 
4.20090e-03 7.49034e+10  -7.49002e+10 0.00000e+00 
4.22858e-03 7.68838e+10  -7.68806e+10 0.00000e+00 
4.25627e-03 7.89035e+10  -7.89003e+10 0.00000e+00 
4.28397e-03 8.09633e+10  -8.09600e+10 0.00000e+00 
4.31166e-03 8.30638e+10  -8.30604e+10 0.00000e+00 
4.33936e-03 8.52055e+10  -8.52021e+10 0.00000e+00 
4.36707e-03 8.73890e+10  -8.73855e+10 0.00000e+00 
4.39477e-03 8.96148e+10  -8.96113e+10 0.00000e+00 
4.42248e-03 9.18835e+10  -9.18799e+10 0.00000e+00 
4.45019e-03 9.41954e+10  -9.41918e+10 0.00000e+00 
4.47791e-03 9.65510e+10  -9.65473e+10 0.00000e+00 
4.50563e-03 9.89506e+10  -9.89469e+10 0.00000e+00 
4.53335e-03 1.01395e+11  -1.01391e+11 0.00000e+00 
4.56107e-03 1.03884e+11  -1.03880e+11 0.00000e+00 
4.58880e-03 1.06418e+11  -1.06414e+11 0.00000e+00 
4.61653e-03 1.08998e+11  -1.08994e+11 0.00000e+00 
4.64426e-03 1.11624e+11  -1.11620e+11 0.00000e+00 
4.67200e-03 1.14296e+11  -1.14292e+11 0.00000e+00 
4.69974e-03 1.17016e+11  -1.17012e+11 0.00000e+00 
4.72748e-03 1.19784e+11  -1.19780e+11 0.00000e+00 
4.75522e-03 1.22601e+11  -1.22597e+11 0.00000e+00 
4.78297e-03 1.25466e+11  -1.25462e+11 0.00000e+00 
4.81072e-03 1.28382e+11  -1.28378e+11 0.00000e+00 
4.83848e-03 1.31348e+11  -1.31344e+11 0.00000e+00 
4.86623e-03 1.34366e+11  -1.34362e+11 0.00000e+00 
4.89399e-03 1.37436e+11  -1.37431e+11 0.00000e+00 
4.92176e-03 1.40559e+11  -1.40554e+11 0.00000e+00 
4.94952e-03 1.43735e+11  -1.43731e+11 0.00000e+00 
4.97729e-03 1.46965e+11  -1.46961e+11 0.00000e+00 
5.00506e-03 1.50251e+11  -1.50246e+11 0.00000e+00 
5.03284e-03 1.53592e+11  -1.53587e+11 0.00000e+00 
5.06062e-03 1.56988e+11  -1.56984e+11 0.00000e+00 
5.08840e-03 1.60441e+11  -1.60437e+11 0.00000e+00 
5.11618e-03 1.63951e+11  -1.63947e+11 0.00000e+00 
5.14397e-03 1.67519e+11  -1.67514e+11 0.00000e+00 
5.17176e-03 1.71144e+11  -1.71139e+11 0.00000e+00 
5.19956e-03 1.74827e+11  -1.74822e+11 0.00000e+00 
5.22735e-03 1.78569e+11  -1.78564e+11 0.00000e+00 
5.25515e-03 1.82371e+11  -1.82366e+11 0.00000e+00 
5.28295e-03 1.86233e+11  -1.86228e+11 0.00000e+00 
5.31076e-03 1.90155e+11  -1.90150e+11 0.00000e+00 
5.33857e-03 1.94138e+11  -1.94133e+11 0.00000e+00 
5.36638e-03 1.98184e+11  -1.98179e+11 0.00000e+00 
5.39419e-03 2.02292e+11  -2.02287e+11 0.00000e+00 
5.42201e-03 2.06464e+11  -2.06459e+11 0.00000e+00 
5.44983e-03 2.10701e+11  -2.10695e+11 0.00000e+00 
5.47766e-03 2.15002e+11  -2.14997e+11 0.00000e+00 
5.50548e-03 2.19370e+11  -2.19364e+11 0.00000e+00 
5.53331e-03 2.23804e+11  -2.23798e+11 0.00000e+00 
5.56115e-03 2.28306e+11  -2.28300e+11 0.00000e+00 
5.58898e-03 2.32876e+11  -2.32870e+11 0.00000e+00 
5.61682e-03 2.37515e+11  -2.37509e+11 0.00000e+00 
5.64466e-03 2.42224e+11  -2.42218e+11 0.00000e+00 
5.67251e-03 2.47002e+11  -2.46997e+11 0.00000e+00 
5.70036e-03 2.51852e+11  -2.51846e+11 0.00000e+00 
5.72821e-03 2.56773e+11  -2.56767e+11 0.00000e+00 
5.75606e-03 2.61766e+11  -2.61760e+11 0.00000e+00 
5.78392e-03 2.66831e+11  -2.66825e+11 0.00000e+00 
5.81178e-03 2.71970e+11  -2.71964e+11 0.00000e+00 
5.83964e-03 2.77182e+11  -2.77176e+11 0.00000e+00 
5.86751e-03 2.82468e+11  -2.82462e+11 0.00000e+00 
5.89538e-03 2.87829e+11  -2.87823e+11 0.00000e+00 
5.92325e-03 2.93266e+11  -2.93260e+11 0.00000e+00 
5.95112e-03 2.98780e+11  -2.98773e+11 0.00000e+00 
5.97900e-03 3.04370e+11  -3.04364e+11 0.00000e+00 
6.00688e-03 3.10039e+11  -3.10032e+11 0.00000e+00 
6.03477e-03 3.15786e+11  -3.15780e+11 0.00000e+00 
6.06266e-03 3.21614e+11  -3.21607e+11 0.00000e+00 
6.09055e-03 3.27522e+11  -3.27515e+11 0.00000e+00 
6.11844e-03 3.33511e+11  -3.33504e+11 0.00000e+00 
6.14634e-03 3.39583e+11  -3.39576e+11 0.00000e+00 
6.17424e-03 3.45738e+11  -3.45731e+11 0.00000e+00 
6.20214e-03 3.51977e+11  -3.51970e+11 0.00000e+00 
6.23004e-03 3.58301e+11  -3.58294e+11 0.00000e+00 
6.25795e-03 3.64710e+11  -3.64703e+11 0.00000e+00 
6.28587e-03 3.71205e+11  -3.71198e+11 0.00000e+00 
6.31378e-03 3.77788e+11  -3.77780e+11 0.00000e+00 
6.34170e-03 3.84457e+11  -3.84450e+11 0.00000e+00 
6.36962e-03 3.91215e+11  -3.91208e+11 0.00000e+00 
6.39754e-03 3.98062e+11  -3.98054e+11 0.00000e+00 
6.42547e-03 4.04998e+11  -4.04990e+11 0.00000e+00 
6.45340e-03 4.12024e+11  -4.12017e+11 0.00000e+00 
6.48133e-03 4.19141e+11  -4.19134e+11 0.00000e+00 
6.50927e-03 4.26350e+11  -4.26342e+11 0.00000e+00 
6.53721e-03 4.33651e+11  -4.33643e+11 0.00000e+00 
6.56515e-03 4.41045e+11  -4.41038e+11 0.00000e+00 
6.59310e-03 4.48534e+11  -4.48526e+11 0.00000e+00 
6.62104e-03 4.56117e+11  -4.56109e+11 0.00000e+00 
6.64900e-03 4.63797e+11  -4.63789e+11 0.00000e+00 
6.67695e-03 4.71573e+11  -4.71565e+11 0.00000e+00 
6.70491e-03 4.79447e+11  -4.79439e+11 0.00000e+00 
6.73287e-03 4.87420e+11  -4.87412e+11 0.00000e+00 
6.76083e-03 4.95492e+11  -4.95484e+11 0.00000e+00 
6.78880e-03 5.03665e+11  -5.03657e+11 0.00000e+00 
6.81677e-03 5.11940e+11  -5.11931e+11 0.00000e+00 
6.84474e-03 5.20316e+11  -5.20308e+11 0.00000e+00 
6.87272e-03 5.28796e+11  -5.28788e+11 0.00000e+00 
6.90069e-03 5.37380e+11  -5.37371e+11 0.00000e+00 
6.92868e-03 5.46068e+11  -5.46059e+11 0.00000e+00 
6.95666e-03 5.54861e+11  -5.54852e+11 0.00000e+00 
6.98465e-03 5.63760e+11  -5.63752e+11 0.00000e+00 
7.01264e-03 5.72767e+11  -5.72758e+11 0.00000e+00 
7.04063e-03 5.81880e+11  -5.81871e+11 0.00000e+00 
7.06863e-03 5.91102e+11  -5.91094e+11 0.00000e+00 
7.09663e-03 6.00434e+11  -6.00425e+11 0.00000e+00 
7.12463e-03 6.09875e+11  -6.09866e+11 0.00000e+00 
7.15264e-03 6.19427e+11  -6.19418e+11 0.00000e+00 
7.18065e-03 6.29091e+11  -6.29082e+11 0.00000e+00 
7.20866e-03 6.38867e+11  -6.38858e+11 0.00000e+00 
7.23668e-03 6.48758e+11  -6.48748e+11 0.00000e+00 
7.26470e-03 6.58763e+11  -6.58753e+11 0.00000e+00 
7.29272e-03 6.68883e+11  -6.68874e+11 0.00000e+00 
7.32074e-03 6.79121e+11  -6.79111e+11 0.00000e+00 
7.34877e-03 6.89476e+11  -6.89466e+11 0.00000e+00 
7.37680e-03 6.99949e+11  -6.99939e+11 0.00000e+00 
7.40483e-03 7.10542e+11  -7.10533e+11 0.00000e+00 
7.43287e-03 7.21256e+11  -7.21246e+11 0.00000e+00 
7.46091e-03 7.32091e+11  -7.32081e+11 0.00000e+00 
7.48895e-03 7.43049e+11  -7.43038e+11 0.00000e+00 
7.51700e-03 7.54129e+11  -7.54119e+11 0.00000e+00 
7.54505e-03 7.65334e+11  -7.65324e+11 0.00000e+00 
7.57310e-03 7.76663e+11  -7.76653e+11 0.00000e+00 
7.60115e-03 7.88118e+11  -7.88108e+11 0.00000e+00 
7.62921e-03 7.99700e+11  -7.99689e+11 0.00000e+00 
7.65727e-03 8.11409e+11  -8.11398e+11 0.00000e+00 
7.68534e-03 8.23246e+11  -8.23236e+11 0.00000e+00 
7.71340e-03 8.35212e+11  -8.35202e+11 0.00000e+00 
7.74148e-03 8.47309e+11  -8.47298e+11 0.00000e+00 
7.76955e-03 8.59536e+11  -8.59526e+11 0.00000e+00 
7.79762e-03 8.71896e+11  -8.71885e+11 0.00000e+00 
7.82570e-03 8.84388e+11  -8.84378e+11 0.00000e+00 
7.85379e-03 8.97015e+11  -8.97004e+11 0.00000e+00 
7.88187e-03 9.09777e+11  -9.09766e+11 0.00000e+00 
7.90996e-03 9.22675e+11  -9.22664e+11 0.00000e+00 
7.93805e-03 9.35710e+11  -9.35699e+11 0.00000e+00 
7.96615e-03 9.48883e+11  -9.48872e+11 0.00000e+00 
7.99425e-03 9.62196e+11  -9.62185e+11 0.00000e+00 
8.02235e-03 9.75649e+11  -9.75638e+11 0.00000e+00 
8.05045e-03 9.89244e+11  -9.89232e+11 0.00000e+00 
8.07856e-03 1.00298e+12  -1.00297e+12 0.00000e+00 
8.10667e-03 1.01686e+12  -1.01685e+12 0.00000e+00 
8.13478e-03 1.03089e+12  -1.03087e+12 0.00000e+00 
8.16290e-03 1.04506e+12  -1.04504e+12 0.00000e+00 
8.19102e-03 1.05937e+12  -1.05936e+12 0.00000e+00 
8.21914e-03 1.07383e+12  -1.07382e+12 0.00000e+00 
8.24726e-03 1.08844e+12  -1.08843e+12 0.00000e+00 
8.27539e-03 1.10320e+12  -1.10319e+12 0.00000e+00 
8.30352e-03 1.11811e+12  -1.11810e+12 0.00000e+00 
8.33166e-03 1.13317e+12  -1.13316e+12 0.00000e+00 
8.35980e-03 1.14839e+12  -1.14837e+12 0.00000e+00 
8.38794e-03 1.16375e+12  -1.16374e+12 0.00000e+00 
8.41608e-03 1.17927e+12  -1.17926e+12 0.00000e+00 
8.44423e-03 1.19494e+12  -1.19493e+12 0.00000e+00 
8.47238e-03 1.21077e+12  -1.21076e+12 0.00000e+00 
8.50053e-03 1.22676e+12  -1.22675e+12 0.00000e+00 
8.52869e-03 1.24291e+12  -1.24290e+12 0.00000e+00 
8.55685e-03 1.25921e+12  -1.25920e+12 0.00000e+00 
8.58501e-03 1.27568e+12  -1.27567e+12 0.00000e+00 
8.61317e-03 1.29231e+12  -1.29230e+12 0.00000e+00 
8.64134e-03 1.30910e+12  -1.30909e+12 0.00000e+00 
8.66951e-03 1.32606e+12  -1.32604e+12 0.00000e+00 
8.69769e-03 1.34318e+12  -1.34316e+12 0.00000e+00 
8.72586e-03 1.36046e+12  -1.36045e+12 0.00000e+00 
8.75405e-03 1.37791e+12  -1.37790e+12 0.00000e+00 
8.78223e-03 1.39554e+12  -1.39552e+12 0.00000e+00 
8.81042e-03 1.41333e+12  -1.41331e+12 0.00000e+00 
8.83861e-03 1.43129e+12  -1.43127e+12 0.00000e+00 
8.86680e-03 1.44942e+12  -1.44940e+12 0.00000e+00 
8.89499e-03 1.46772e+12  -1.46771e+12 0.00000e+00 
8.92319e-03 1.48620e+12  -1.48618e+12 0.00000e+00 
8.95140e-03 1.50485e+12  -1.50484e+12 0.00000e+00 
8.97960e-03 1.52368e+12  -1.52366e+12 0.00000e+00 
9.00781e-03 1.54268e+12  -1.54267e+12 0.00000e+00 
9.03602e-03 1.56186e+12  -1.56185e+12 0.00000e+00 
9.06423e-03 1.58122e+12  -1.58121e+12 0.00000e+00 
9.09245e-03 1.60076e+12  -1.60075e+12 0.00000e+00 
9.12067e-03 1.62048e+12  -1.62047e+12 0.00000e+00 
9.14890e-03 1.64039e+12  -1.64037e+12 0.00000e+00 
9.17712e-03 1.66047e+12  -1.66046e+12 0.00000e+00 
9.20535e-03 1.68074e+12  -1.68073e+12 0.00000e+00 
9.23358e-03 1.70120e+12  -1.70119e+12 0.00000e+00 
9.26182e-03 1.72185e+12  -1.72183e+12 0.00000e+00 
9.29006e-03 1.74268e+12  -1.74267e+12 0.00000e+00 
9.31830e-03 1.76370e+12  -1.76369e+12 0.00000e+00 
9.34655e-03 1.78492e+12  -1.78490e+12 0.00000e+00 
9.37480e-03 1.80632e+12  -1.80631e+12 0.00000e+00 
9.40305e-03 1.82792e+12  -1.82790e+12 0.00000e+00 
9.43130e-03 1.84971e+12  -1.84970e+12 0.00000e+00 
9.45956e-03 1.87170e+12  -1.87168e+12 0.00000e+00 
9.48782e-03 1.89388e+12  -1.89386e+12 0.00000e+00 
9.51608e-03 1.91626e+12  -1.91624e+12 0.00000e+00 
9.54435e-03 1.93884e+12  -1.93882e+12 0.00000e+00 
9.57262e-03 1.96161e+12  -1.96160e+12 0.00000e+00 
9.60089e-03 1.98459e+12  -1.98458e+12 0.00000e+00 
9.62917e-03 2.00777e+12  -2.00776e+12 0.00000e+00 
9.65745e-03 2.03116e+12  -2.03114e+12 0.00000e+00 
9.68573e-03 2.05474e+12  -2.05473e+12 0.00000e+00 
9.71401e-03 2.07854e+12  -2.07852e+12 0.00000e+00 
9.74230e-03 2.10254e+12  -2.10252e+12 0.00000e+00 
9.77059e-03 2.12675e+12  -2.12673e+12 0.00000e+00 
9.79889e-03 2.15117e+12  -2.15115e+12 0.00000e+00 
9.82718e-03 2.17579e+12  -2.17578e+12 0.00000e+00 
9.85549e-03 2.20063e+12  -2.20062e+12 0.00000e+00 
9.88379e-03 2.22569e+12  -2.22567e+12 0.00000e+00 
9.91210e-03 2.25096e+12  -2.25094e+12 0.00000e+00 
9.94041e-03 2.27644e+12  -2.27642e+12 0.00000e+00 
9.96872e-03 2.30214e+12  -2.30212e+12 0.00000e+00 
9.99703e-03 2.32806e+12  -2.32804e+12 0.00000e+00 
